0	:invoke	:read	nil
:nemesis	:info	:start-partition	:minority-third
0	:ok	:read	[]
:nemesis	:info	:start-partition	[:isolated {"n4" #{"n2" "n1" "n0" "n3"}, "n2" #{"n4"}, "n1" #{"n4"}, "n0" #{"n4"}, "n3" #{"n4"}}]
2	:invoke	:read	nil
2	:ok	:read	[]
3	:invoke	:read	nil
3	:ok	:read	[]
4	:invoke	:read	nil
4	:ok	:read	[]
0	:invoke	:read	nil
0	:ok	:read	[]
0	:invoke	:read	nil
0	:ok	:read	[]
1	:invoke	:broadcast	0
1	:ok	:broadcast	0
2	:invoke	:broadcast	1
2	:ok	:broadcast	1
3	:invoke	:read	nil
3	:ok	:read	[0 0 0 1]
4	:invoke	:broadcast	2
4	:ok	:broadcast	2
0	:invoke	:read	nil
0	:ok	:read	[0 0 0 1]
0	:invoke	:broadcast	3
0	:ok	:broadcast	3
1	:invoke	:broadcast	4
1	:ok	:broadcast	4
2	:invoke	:read	nil
2	:ok	:read	[0 0 0 0 0 1 3 4]
3	:invoke	:read	nil
3	:ok	:read	[0 0 0 0 0 1 3 4]
4	:invoke	:read	nil
4	:ok	:read	[0 2]
0	:invoke	:read	nil
0	:ok	:read	[0 0 0 0 0 1 3 4]
0	:invoke	:broadcast	5
0	:ok	:broadcast	5
1	:invoke	:read	nil
1	:ok	:read	[0 0 0 0 0 5 0 1 3 4]
2	:invoke	:read	nil
2	:ok	:read	[0 0 0 0 0 5 0 1 3 4]
3	:invoke	:read	nil
3	:ok	:read	[0 0 0 0 0 4 5 0 1 3]
4	:invoke	:broadcast	6
4	:ok	:broadcast	6
0	:invoke	:read	nil
0	:ok	:read	[0 0 0 0 0 0 1 3 4 5]
0	:invoke	:broadcast	7
0	:ok	:broadcast	7
1	:invoke	:broadcast	8
1	:ok	:broadcast	8
2	:invoke	:broadcast	9
2	:ok	:broadcast	9
3	:invoke	:broadcast	10
3	:ok	:broadcast	10
4	:invoke	:broadcast	11
4	:ok	:broadcast	11
0	:invoke	:read	nil
0	:ok	:read	[0 0 0 0 0 0 0 0 0 5 7 0 3 8 9 10 1 4]
0	:invoke	:broadcast	12
0	:ok	:broadcast	12
1	:invoke	:broadcast	13
1	:ok	:broadcast	13
2	:invoke	:read	nil
2	:ok	:read	[0 0 0 0 0 0 0 0 0 0 0 0 4 5 8 13 1 3 7 9 10 12]
3	:invoke	:read	nil
3	:ok	:read	[0 0 0 0 0 0 0 0 0 0 0 10 12 0 1 8 7 9 13 3 4 5]
4	:invoke	:broadcast	14
4	:ok	:broadcast	14
0	:invoke	:read	nil
0	:ok	:read	[0 0 0 0 0 0 0 0 0 0 0 10 12 1 4 8 9 13 0 3 5 7]
0	:invoke	:broadcast	15
0	:ok	:broadcast	15
1	:invoke	:read	nil
1	:ok	:read	[0 0 0 0 0 0 0 0 0 0 0 0 15 4 10 12 5 7 8 9 13 0 1 3]
2	:invoke	:broadcast	16
2	:ok	:broadcast	16
3	:invoke	:broadcast	17
3	:ok	:broadcast	17
4	:invoke	:broadcast	18
4	:ok	:broadcast	18
0	:invoke	:broadcast	19
0	:ok	:broadcast	19
0	:invoke	:read	nil
0	:ok	:read	[0 0 0 0 0 0 0 0 0 0 0 0 0 0 0 5 7 15 3 4 12 1 13 16 0 9 10 17 19 8]
1	:invoke	:broadcast	20
1	:ok	:broadcast	20
2	:invoke	:broadcast	21
2	:ok	:broadcast	21
3	:invoke	:broadcast	22
3	:ok	:broadcast	22
4	:invoke	:read	nil
4	:ok	:read	[0 0 0 0 0 2 6 11 14 18]
0	:invoke	:read	nil
0	:ok	:read	[0 0 0 0 0 0 0 0 0 0 0 0 0 0 0 0 0 0 0 13 16 21 22 8 9 10 17 19 20 3 5 7 15 1 4 12]
0	:invoke	:broadcast	23
0	:ok	:broadcast	23
1	:invoke	:read	nil
1	:ok	:read	[0 0 0 0 0 0 0 0 0 0 0 0 0 0 0 0 0 0 0 3 7 8 16 4 15 17 20 19 21 22 0 1 5 9 13 10 12 23]
2	:invoke	:broadcast	24
2	:ok	:broadcast	24
3	:invoke	:broadcast	25
3	:ok	:broadcast	25
4	:invoke	:broadcast	26
4	:ok	:broadcast	26
0	:invoke	:read	nil
0	:ok	:read	[0 0 0 0 0 0 0 0 0 0 0 0 0 0 0 0 0 0 0 0 0 4 12 25 1 13 16 21 22 0 9 10 17 19 20 23 8 5 7 15 24 3]
0	:invoke	:broadcast	27
0	:ok	:broadcast	27
1	:invoke	:broadcast	28
1	:ok	:broadcast	28
2	:invoke	:broadcast	29
2	:ok	:broadcast	29
3	:invoke	:read	nil
3	:ok	:read	[0 0 0 0 0 0 0 0 0 0 0 0 0 0 0 0 0 0 0 0 0 0 0 0 1 8 24 29 0 5 7 9 15 16 25 3 12 17 20 21 27 28 10 13 19 22 23 4]
4	:invoke	:read	nil
4	:ok	:read	[0 0 0 0 0 0 2 6 11 14 18 26]
0	:invoke	:read	nil
0	:ok	:read	[0 0 0 0 0 0 0 0 0 0 0 0 0 0 0 0 0 0 0 0 0 0 0 0 1 4 12 25 27 0 13 16 21 22 28 23 8 9 10 17 19 20 3 5 7 15 24 29]
0	:invoke	:broadcast	30
0	:ok	:broadcast	30
1	:invoke	:read	nil
1	:ok	:read	[0 0 0 0 0 0 0 0 0 0 0 0 0 0 0 0 0 0 0 0 0 0 0 0 0 4 15 17 20 24 0 1 5 9 13 19 21 22 10 12 23 27 28 29 3 7 8 16 25 30]
2	:invoke	:read	nil
2	:ok	:read	[0 0 0 0 0 0 0 0 0 0 0 0 0 0 0 0 0 0 0 0 0 0 0 0 0 21 29 0 4 5 13 16 19 3 10 20 24 25 28 8 15 22 27 30 1 7 9 12 17 23]
3	:invoke	:read	nil
3	:ok	:read	[0 0 0 0 0 0 0 0 0 0 0 0 0 0 0 0 0 0 0 0 0 0 0 0 0 0 1 8 24 29 30 3 5 7 9 15 16 25 10 12 17 20 21 27 28 4 13 19 22 23]
4	:invoke	:read	nil
4	:ok	:read	[0 0 0 0 0 0 11 14 18 26 2 6]
0	:invoke	:broadcast	31
0	:ok	:broadcast	31
0	:invoke	:read	nil
0	:ok	:read	[0 0 0 0 0 0 0 0 0 0 0 0 0 0 0 0 0 0 0 0 0 0 0 0 0 0 28 0 13 16 21 22 20 23 31 8 9 10 17 19 29 30 3 5 7 15 24 1 4 12 25 27]
1	:invoke	:broadcast	32
1	:ok	:broadcast	32
2	:invoke	:read	nil
2	:ok	:read	[0 0 0 0 0 0 0 0 0 0 0 0 0 0 0 0 0 0 0 0 0 0 0 0 0 0 0 17 23 1 9 16 19 21 4 5 13 24 25 20 15 31 12 30 7 0 29 28 3 10 32 8 22 27]
3	:invoke	:read	nil
3	:ok	:read	[0 0 0 0 0 0 0 0 0 0 0 0 0 0 0 0 0 0 0 0 0 0 0 0 0 0 0 5 7 15 28 10 17 19 22 24 29 3 9 16 25 32 27 12 20 21 4 13 23 30 31 0 1 8]
4	:invoke	:read	nil
4	:ok	:read	[0 0 0 0 0 0 18 26 2 6 11 14]
0	:invoke	:read	nil
0	:ok	:read	[0 0 0 0 0 0 0 0 0 0 0 0 0 0 0 0 0 0 0 0 0 0 0 0 0 0 0 16 21 22 20 23 31 8 10 17 24 5 7 15 1 12 0 13 28 19 9 29 30 3 4 25 27 32]
0	:invoke	:read	nil
0	:ok	:read	[0 0 0 0 0 0 0 0 0 0 0 0 0 0 0 0 0 0 0 0 0 0 0 0 0 0 0 16 21 22 17 20 23 31 8 10 15 24 5 7 1 12 0 13 28 19 9 29 30 3 32 4 25 27]
1	:invoke	:read	nil
1	:ok	:read	[0 0 0 0 0 0 0 0 0 0 0 0 0 0 0 0 0 0 0 0 0 0 0 0 0 0 0 10 12 23 27 29 7 8 16 4 17 1 9 13 19 21 31 28 32 3 25 30 15 20 24 0 5 22]
2	:invoke	:read	nil
2	:ok	:read	[0 0 0 0 0 0 0 0 0 0 0 0 0 0 0 0 0 0 0 0 0 0 0 0 0 0 0 8 22 27 32 23 1 9 17 21 4 5 13 16 19 20 24 25 15 31 30 7 12 0 29 28 3 10]
3	:invoke	:broadcast	33
3	:ok	:broadcast	33
4	:invoke	:read	nil
4	:ok	:read	[0 0 0 0 0 0 2 6 11 14 18 26]
:nemesis	:info	:stop-partition	nil
:nemesis	:info	:stop-partition	:network-healed
0	:invoke	:broadcast	34
0	:ok	:broadcast	34
1	:invoke	:read	nil
1	:ok	:read	[0 0 0 0 0 0 0 0 0 0 0 0 0 0 0 0 0 0 0 0 0 0 0 0 0 0 0 0 0 34 4 17 33 19 21 31 1 9 13 28 32 3 25 30 15 20 24 0 5 22 27 29 10 12 23 7 8 16]
2	:invoke	:read	nil
2	:ok	:read	[0 0 0 0 0 0 0 0 0 0 0 0 0 0 0 0 0 0 0 0 0 0 0 0 0 0 0 0 0 28 3 10 27 32 8 22 17 23 33 34 1 9 13 16 19 21 4 5 25 20 24 15 31 30 7 12 0 29]
3	:invoke	:read	nil
3	:ok	:read	[0 0 0 0 0 0 0 0 0 0 0 0 0 0 0 0 0 0 0 0 0 0 0 0 0 0 0 0 0 24 29 3 9 16 25 32 12 20 21 27 33 34 4 13 23 0 1 8 30 31 5 7 15 10 17 28 19 22]
4	:invoke	:broadcast	35
4	:ok	:broadcast	35
0	:invoke	:broadcast	36
0	:ok	:broadcast	36
0	:invoke	:broadcast	37
0	:ok	:broadcast	37
1	:invoke	:broadcast	38
1	:ok	:broadcast	38
2	:invoke	:read	nil
2	:ok	:read	[0 0 0 0 0 0 0 0 0 0 0 0 0 0 0 0 0 0 0 0 0 0 0 0 0 0 0 0 0 0 0 0 0 31 37 15 12 30 7 29 38 0 10 28 3 22 27 32 35 8 9 17 23 33 34 1 5 13 16 19 21 36 4 24 25 20]
3	:invoke	:broadcast	39
3	:ok	:broadcast	39
4	:invoke	:read	nil
4	:ok	:read	[0 0 0 0 0 0 0 0 0 0 0 0 18 26 39 6 11 14 36 37 38 2 34 35]
0	:invoke	:broadcast	40
0	:ok	:broadcast	40
0	:invoke	:broadcast	41
0	:ok	:broadcast	41
1	:invoke	:read	nil
1	:ok	:read	[0 0 0 0 0 0 0 0 0 0 0 0 0 0 0 0 0 0 0 0 0 0 0 0 0 0 0 0 0 0 0 0 0 0 0 0 32 28 25 30 39 3 20 24 41 15 5 22 36 38 0 12 23 27 29 10 8 16 37 7 17 33 34 35 4 9 13 19 21 31 40 1]
2	:invoke	:broadcast	42
2	:ok	:broadcast	42
3	:invoke	:broadcast	43
3	:ok	:broadcast	43
4	:invoke	:broadcast	44
4	:ok	:broadcast	44
0	:invoke	:broadcast	45
0	:ok	:broadcast	45
0	:invoke	:broadcast	46
0	:ok	:broadcast	46
1	:invoke	:read	nil
1	:ok	:read	[0 0 0 0 0 0 0 0 0 0 0 0 0 0 0 0 0 0 0 0 0 0 0 0 0 0 0 0 0 0 0 0 0 0 0 0 0 0 0 0 0 33 34 35 43 46 4 17 13 19 21 31 40 1 9 28 32 30 39 45 3 25 24 41 42 44 15 20 22 36 38 0 5 23 27 29 10 12 16 37 7 8]
2	:invoke	:broadcast	47
2	:ok	:broadcast	47
3	:invoke	:broadcast	48
3	:ok	:broadcast	48
4	:invoke	:read	nil
4	:ok	:read	[0 0 0 0 0 0 0 0 0 0 0 0 0 0 0 0 0 0 0 0 0 6 11 40 43 2 34 37 41 46 47 14 18 26 39 44 35 36 38 42 45 48]
0	:invoke	:broadcast	49
0	:ok	:broadcast	49
0	:invoke	:read	nil
0	:ok	:read	[0 0 0 0 0 0 0 0 0 0 0 0 0 0 0 0 0 0 0 0 0 0 0 0 0 0 0 0 0 0 0 0 0 0 0 0 0 0 0 0 0 0 0 0 1 12 41 45 49 0 13 28 43 47 9 19 33 46 44 3 29 30 37 40 42 48 4 25 27 32 39 16 21 22 35 23 31 36 38 8 10 17 20 34 5 7 15 24]
1	:invoke	:broadcast	50
1	:ok	:broadcast	50
2	:invoke	:read	nil
2	:ok	:read	[0 0 0 0 0 0 0 0 0 0 0 0 0 0 0 0 0 0 0 0 0 0 0 0 0 0 0 0 0 0 0 0 0 0 0 0 0 0 0 0 0 0 0 0 0 37 41 45 15 31 30 40 7 12 38 0 29 28 3 10 27 32 35 39 49 50 8 22 17 23 33 34 47 1 9 13 16 19 21 36 43 4 5 48 44 46 25 42 20 24]
3	:invoke	:read	nil
3	:ok	:read	[0 0 0 0 0 0 0 0 0 0 0 0 0 0 0 0 0 0 0 0 0 0 0 0 0 0 0 0 0 0 0 0 0 0 0 0 0 0 0 0 0 0 0 0 0 19 22 24 29 39 42 43 3 9 16 25 32 46 12 20 21 27 33 34 35 48 50 4 13 23 36 47 49 0 1 8 30 31 5 7 15 38 40 41 44 10 17 28 37 45]
4	:invoke	:read	nil
4	:ok	:read	[0 0 0 0 0 0 0 0 0 0 0 0 0 0 0 0 0 0 0 0 0 0 0 14 18 26 39 44 35 36 38 42 45 48 6 11 40 43 49 50 2 34 37 41 46 47]
0	:invoke	:broadcast	51
0	:ok	:broadcast	51
0	:invoke	:read	nil
0	:ok	:read	[0 0 0 0 0 0 0 0 0 0 0 0 0 0 0 0 0 0 0 0 0 0 0 0 0 0 0 0 0 0 0 0 0 0 0 0 0 0 0 0 0 0 0 0 0 0 17 20 23 31 36 38 8 10 51 15 24 34 5 7 41 45 1 12 28 43 49 0 13 33 46 47 9 19 30 37 44 3 29 27 32 40 42 48 50 4 25 22 35 39 16 21]
1	:invoke	:read	nil
1	:ok	:read	[0 0 0 0 0 0 0 0 0 0 0 0 0 0 0 0 0 0 0 0 0 0 0 0 0 0 0 0 0 0 0 0 0 0 0 0 0 0 0 0 0 0 0 0 0 0 17 33 34 35 43 46 4 9 13 19 21 31 40 47 1 50 32 48 49 28 25 30 39 45 3 20 24 41 42 44 15 5 22 36 38 51 0 12 23 27 29 10 8 16 37 7]
2	:invoke	:read	nil
2	:ok	:read	[0 0 0 0 0 0 0 0 0 0 0 0 0 0 0 0 0 0 0 0 0 0 0 0 0 0 0 0 0 0 0 0 0 0 0 0 0 0 0 0 0 0 0 0 0 0 38 0 29 28 51 3 10 27 32 35 39 49 50 8 22 17 23 33 34 47 1 9 13 16 19 21 36 43 4 5 48 44 46 25 42 20 24 37 41 45 15 31 30 40 7 12]
3	:invoke	:broadcast	52
3	:ok	:broadcast	52
4	:invoke	:broadcast	53
4	:ok	:broadcast	53
0	:invoke	:broadcast	54
0	:ok	:broadcast	54
0	:invoke	:broadcast	55
0	:ok	:broadcast	55
1	:invoke	:broadcast	56
1	:ok	:broadcast	56
2	:invoke	:read	nil
2	:ok	:read	[0 0 0 0 0 0 0 0 0 0 0 0 0 0 0 0 0 0 0 0 0 0 0 0 0 0 0 0 0 0 0 0 0 0 0 0 0 0 0 0 0 0 0 0 0 0 0 0 0 0 0 23 33 34 47 1 9 17 16 19 21 36 43 4 5 13 56 44 46 48 42 54 55 20 24 25 41 45 15 31 37 40 7 12 30 0 29 38 51 53 3 10 28 32 35 39 49 50 8 22 27 52]
3	:invoke	:read	nil
3	:ok	:read	[0 0 0 0 0 0 0 0 0 0 0 0 0 0 0 0 0 0 0 0 0 0 0 0 0 0 0 0 0 0 0 0 0 0 0 0 0 0 0 0 0 0 0 0 0 0 0 0 0 0 0 13 23 36 47 49 4 1 8 30 31 53 0 7 15 38 40 41 44 5 17 28 37 45 51 52 54 10 22 19 29 39 42 43 56 24 9 16 25 32 55 3 20 21 27 33 34 35 46 12 50 48]
4	:invoke	:read	nil
4	:ok	:read	[0 0 0 0 0 0 0 0 0 0 0 0 0 0 0 0 0 0 0 0 0 0 0 0 0 0 0 0 0 36 38 48 11 40 50 56 37 46 47 54 55 39 35 42 45 6 43 49 51 2 34 41 53 14 18 26 44 52]
0	:invoke	:broadcast	57
0	:ok	:broadcast	57
0	:invoke	:broadcast	58
0	:ok	:broadcast	58
1	:invoke	:read	nil
1	:ok	:read	[0 0 0 0 0 0 0 0 0 0 0 0 0 0 0 0 0 0 0 0 0 0 0 0 0 0 0 0 0 0 0 0 0 0 0 0 0 0 0 0 0 0 0 0 0 0 0 0 0 0 0 0 0 10 29 56 58 7 16 37 43 17 33 31 13 28 32 48 54 3 30 39 42 38 52 53 5 22 57 12 23 27 55 8 35 46 4 34 21 40 47 1 9 19 50 49 45 25 44 15 20 24 41 51 0 36]
2	:invoke	:broadcast	59
2	:ok	:broadcast	59
3	:invoke	:broadcast	60
3	:ok	:broadcast	60
4	:invoke	:broadcast	61
4	:ok	:broadcast	61
0	:invoke	:broadcast	62
0	:ok	:broadcast	62
0	:invoke	:read	nil
0	:ok	:read	[0 0 0 0 0 0 0 0 0 0 0 0 0 0 0 0 0 0 0 0 0 0 0 0 0 0 0 0 0 0 0 0 0 0 0 0 0 0 0 0 0 0 0 0 0 0 0 0 0 0 0 0 0 0 0 0 0 39 35 10 31 56 61 8 24 5 41 53 1 43 49 28 46 30 37 58 29 32 21 22 16 20 23 36 38 51 59 62 17 15 34 7 45 52 54 60 12 13 0 19 33 47 9 44 57 3 25 27 40 42 48 50 55 4]
1	:invoke	:broadcast	63
1	:ok	:broadcast	63
2	:invoke	:read	nil
2	:ok	:read	[0 0 0 0 0 0 0 0 0 0 0 0 0 0 0 0 0 0 0 0 0 0 0 0 0 0 0 0 0 0 0 0 0 0 0 0 0 0 0 0 0 0 0 0 0 0 0 0 0 0 0 0 0 0 0 0 0 0 36 48 56 20 45 15 31 41 7 0 38 10 28 59 32 35 39 49 52 8 22 27 58 34 1 17 23 16 19 21 43 44 4 5 13 46 60 54 55 24 25 42 37 61 62 12 30 40 29 57 63 3 51 53 50 9 33 47]
3	:invoke	:broadcast	64
3	:ok	:broadcast	64
4	:invoke	:broadcast	65
4	:ok	:broadcast	65
0	:invoke	:read	nil
0	:ok	:read	[0 0 0 0 0 0 0 0 0 0 0 0 0 0 0 0 0 0 0 0 0 0 0 0 0 0 0 0 0 0 0 0 0 0 0 0 0 0 0 0 0 0 0 0 0 0 0 0 0 0 0 0 0 0 0 0 0 0 0 0 8 10 31 56 61 64 5 24 65 1 41 53 28 43 49 46 29 30 37 58 32 63 16 21 22 62 17 20 23 36 38 51 59 7 15 34 12 45 52 54 60 0 13 9 19 33 47 3 44 57 55 4 25 27 40 42 48 50 35 39]
0	:invoke	:broadcast	66
0	:ok	:broadcast	66
1	:invoke	:read	nil
1	:ok	:read	[0 0 0 0 0 0 0 0 0 0 0 0 0 0 0 0 0 0 0 0 0 0 0 0 0 0 0 0 0 0 0 0 0 0 0 0 0 0 0 0 0 0 0 0 0 0 0 0 0 0 0 0 0 0 0 0 0 0 0 0 0 43 17 33 62 13 31 48 54 28 32 39 60 3 30 42 63 38 52 53 57 65 5 22 27 55 12 23 8 66 35 46 61 4 34 19 21 40 47 50 1 9 49 59 25 45 24 41 44 15 20 51 64 0 36 56 58 10 29 37 7 16]
2	:invoke	:read	nil
2	:ok	:read	[0 0 0 0 0 0 0 0 0 0 0 0 0 0 0 0 0 0 0 0 0 0 0 0 0 0 0 0 0 0 0 0 0 0 0 0 0 0 0 0 0 0 0 0 0 0 0 0 0 0 0 0 0 0 0 0 0 0 0 0 0 47 65 9 33 56 66 36 48 20 41 45 15 31 7 0 38 59 64 10 28 27 32 35 39 49 52 8 22 58 23 34 1 17 13 16 19 21 43 44 4 5 46 60 42 54 55 24 25 37 61 40 62 12 30 63 29 57 53 3 51 50]
3	:invoke	:broadcast	67
3	:ok	:broadcast	67
4	:invoke	:read	nil
4	:ok	:read	[0 0 0 0 0 0 0 0 0 0 0 0 0 0 0 0 0 0 0 0 0 0 0 0 0 0 0 0 0 0 0 0 0 0 0 0 0 0 0 0 14 18 26 44 52 53 60 36 38 48 63 11 40 50 57 59 66 37 46 47 54 55 56 62 67 39 58 35 42 45 65 6 43 49 51 61 2 34 41 64]
0	:invoke	:read	nil
0	:ok	:read	[0 0 0 0 0 0 0 0 0 0 0 0 0 0 0 0 0 0 0 0 0 0 0 0 0 0 0 0 0 0 0 0 0 0 0 0 0 0 0 0 0 0 0 0 0 0 0 0 0 0 0 0 0 0 0 0 0 0 0 0 0 0 53 1 41 49 67 28 43 46 37 58 66 29 30 32 63 22 16 21 23 36 38 51 59 62 17 20 34 7 15 52 54 60 12 45 0 13 33 47 9 19 57 3 44 27 40 42 48 50 55 4 25 35 39 31 56 61 64 8 10 65 5 24]
0	:invoke	:read	nil
0	:ok	:read	[0 0 0 0 0 0 0 0 0 0 0 0 0 0 0 0 0 0 0 0 0 0 0 0 0 0 0 0 0 0 0 0 0 0 0 0 0 0 0 0 0 0 0 0 0 0 0 0 0 0 0 0 0 0 0 0 0 0 0 0 0 0 62 17 20 23 36 38 51 59 7 15 34 12 45 52 54 60 0 13 9 19 33 47 3 44 57 55 4 25 27 40 42 48 50 35 39 8 10 31 56 61 64 5 24 65 1 41 53 28 43 49 67 46 29 30 37 58 66 32 63 16 21 22]
1	:invoke	:broadcast	68
1	:ok	:broadcast	68
2	:invoke	:read	nil
2	:ok	:read	[0 0 0 0 0 0 0 0 0 0 0 0 0 0 0 0 0 0 0 0 0 0 0 0 0 0 0 0 0 0 0 0 0 0 0 0 0 0 0 0 0 0 0 0 0 0 0 0 0 0 0 0 0 0 0 0 0 0 0 0 0 0 0 36 48 56 66 20 15 31 41 45 7 0 38 10 28 59 64 49 52 8 22 27 32 35 39 58 1 17 23 34 68 43 44 4 5 13 16 19 21 46 60 24 25 42 54 55 37 61 12 30 40 62 67 29 57 63 3 51 53 50 9 33 47 65]
3	:invoke	:read	nil
3	:ok	:read	[0 0 0 0 0 0 0 0 0 0 0 0 0 0 0 0 0 0 0 0 0 0 0 0 0 0 0 0 0 0 0 0 0 0 0 0 0 0 0 0 0 0 0 0 0 0 0 0 0 0 0 0 0 0 0 0 0 0 0 0 0 0 0 24 29 39 42 56 3 16 55 64 34 46 48 50 4 23 47 49 61 1 30 5 15 41 67 54 63 65 10 17 45 51 52 19 43 62 9 25 32 35 57 59 12 20 21 27 33 13 36 0 8 31 53 68 66 7 38 40 44 58 28 37 60 22]
4	:invoke	:broadcast	69
4	:ok	:broadcast	69
0	:invoke	:broadcast	70
:nemesis	:info	:start-partition	:one
0	:ok	:broadcast	70
:nemesis	:info	:start-partition	[:isolated {"n4" #{"n2" "n1" "n0" "n3"}, "n2" #{"n4"}, "n1" #{"n4"}, "n0" #{"n4"}, "n3" #{"n4"}}]
1	:invoke	:broadcast	71
1	:ok	:broadcast	71
2	:invoke	:read	nil
2	:ok	:read	[0 0 0 0 0 0 0 0 0 0 0 0 0 0 0 0 0 0 0 0 0 0 0 0 0 0 0 0 0 0 0 0 0 0 0 0 0 0 0 0 0 0 0 0 0 0 0 0 0 0 0 0 0 0 0 0 0 0 0 0 0 0 0 0 0 0 7 0 38 10 28 59 64 35 39 49 52 8 22 27 32 58 69 68 1 17 23 34 19 21 43 44 4 5 13 16 46 60 55 24 25 42 54 37 61 67 12 30 40 62 29 57 63 3 51 53 71 50 9 33 47 65 70 36 48 56 66 20 15 31 41 45]
3	:invoke	:read	nil
3	:ok	:read	[0 0 0 0 0 0 0 0 0 0 0 0 0 0 0 0 0 0 0 0 0 0 0 0 0 0 0 0 0 0 0 0 0 0 0 0 0 0 0 0 0 0 0 0 0 0 0 0 0 0 0 0 0 0 0 0 0 0 0 0 0 0 0 0 0 0 24 29 39 42 56 71 3 16 55 64 34 46 48 50 4 23 47 49 61 1 30 5 15 41 67 10 17 45 51 52 54 63 65 19 43 62 9 25 32 12 20 21 27 33 35 57 59 13 36 0 8 31 53 68 69 70 7 38 40 44 58 66 28 37 60 22]
4	:invoke	:read	nil
4	:ok	:read	[0 0 0 0 0 0 0 0 0 0 0 0 0 0 0 0 0 0 0 0 0 0 0 0 0 0 0 0 0 0 0 0 0 0 0 0 0 0 0 0 0 0 0 60 14 18 26 44 52 53 36 38 48 63 11 40 50 57 59 66 62 67 37 46 47 54 55 56 70 39 58 35 42 45 65 69 6 43 49 51 61 68 2 34 41 64]
0	:invoke	:broadcast	72
0	:ok	:broadcast	72
0	:invoke	:broadcast	73
0	:ok	:broadcast	73
1	:invoke	:read	nil
1	:ok	:read	[0 0 0 0 0 0 0 0 0 0 0 0 0 0 0 0 0 0 0 0 0 0 0 0 0 0 0 0 0 0 0 0 0 0 0 0 0 0 0 0 0 0 0 0 0 0 0 0 0 0 0 0 0 0 0 0 0 0 0 0 0 0 0 0 0 0 0 0 41 44 15 20 24 64 72 0 36 51 58 10 29 56 7 16 37 70 17 33 43 71 13 31 62 54 73 28 32 48 60 3 30 39 42 63 69 52 53 57 65 67 5 22 38 55 12 23 27 8 66 46 61 4 34 35 21 40 47 50 68 1 9 19 49 25 45 59]
2	:invoke	:broadcast	74
2	:ok	:broadcast	74
3	:invoke	:broadcast	75
3	:ok	:broadcast	75
4	:invoke	:broadcast	76
4	:ok	:broadcast	76
0	:invoke	:read	nil
0	:ok	:read	[0 0 0 0 0 0 0 0 0 0 0 0 0 0 0 0 0 0 0 0 0 0 0 0 0 0 0 0 0 0 0 0 0 0 0 0 0 0 0 0 0 0 0 0 0 0 0 0 0 0 0 0 0 0 0 0 0 0 0 0 0 0 0 0 0 0 0 0 0 0 28 43 49 67 46 70 29 30 37 58 66 32 63 16 21 22 59 62 17 20 23 36 38 51 7 15 34 71 74 12 45 52 54 60 0 13 9 19 33 47 72 3 44 57 50 55 4 25 27 40 42 48 73 35 39 69 75 8 10 31 56 61 64 5 24 65 1 41 53 68]
0	:invoke	:read	nil
0	:ok	:read	[0 0 0 0 0 0 0 0 0 0 0 0 0 0 0 0 0 0 0 0 0 0 0 0 0 0 0 0 0 0 0 0 0 0 0 0 0 0 0 0 0 0 0 0 0 0 0 0 0 0 0 0 0 0 0 0 0 0 0 0 0 0 0 0 0 0 0 0 0 0 39 69 75 35 10 31 56 61 64 8 24 65 5 41 53 68 1 43 49 67 28 70 46 30 37 58 66 29 63 32 21 22 16 20 23 36 38 51 59 62 17 15 34 71 74 7 45 52 54 60 12 13 0 19 33 47 72 9 44 57 3 25 27 40 42 48 50 55 4 73]
1	:invoke	:read	nil
1	:ok	:read	[0 0 0 0 0 0 0 0 0 0 0 0 0 0 0 0 0 0 0 0 0 0 0 0 0 0 0 0 0 0 0 0 0 0 0 0 0 0 0 0 0 0 0 0 0 0 0 0 0 0 0 0 0 0 0 0 0 0 0 0 0 0 0 0 0 0 0 0 0 0 12 23 27 55 8 66 4 34 35 46 61 68 1 9 19 21 40 47 50 49 25 45 59 15 20 24 41 44 0 36 51 64 72 10 29 56 58 7 16 37 75 17 33 43 70 13 31 62 71 28 32 48 54 73 74 3 30 39 60 42 63 69 67 5 22 38 52 53 57 65]
2	:invoke	:broadcast	77
2	:ok	:broadcast	77
3	:invoke	:broadcast	78
3	:ok	:broadcast	78
4	:invoke	:read	nil
4	:ok	:read	[0 0 0 0 0 0 0 0 0 0 0 0 0 0 0 0 0 0 0 0 0 0 0 0 0 0 0 0 0 0 0 0 0 0 0 0 0 0 0 0 0 0 0 0 18 26 44 52 53 60 14 38 48 63 36 40 50 57 59 66 76 11 46 47 54 55 56 62 67 37 70 58 39 42 45 65 35 43 49 51 61 68 69 6 34 41 64 2]
0	:invoke	:read	nil
0	:ok	:read	[0 0 0 0 0 0 0 0 0 0 0 0 0 0 0 0 0 0 0 0 0 0 0 0 0 0 0 0 0 0 0 0 0 0 0 0 0 0 0 0 0 0 0 0 0 0 0 0 0 0 0 0 0 0 0 0 0 0 0 0 0 0 0 0 0 0 0 0 0 0 0 0 0 13 78 47 72 9 19 33 3 44 57 40 42 48 50 55 4 25 27 73 75 35 39 69 56 61 64 77 8 10 31 5 24 65 68 1 41 53 67 28 43 49 46 70 58 66 29 30 37 32 63 16 21 22 36 38 51 59 62 17 20 23 71 74 7 15 34 54 60 12 45 52]
0	:invoke	:broadcast	79
0	:ok	:broadcast	79
1	:invoke	:broadcast	80
1	:ok	:broadcast	80
2	:invoke	:broadcast	81
2	:ok	:broadcast	81
3	:invoke	:broadcast	82
3	:ok	:broadcast	82
4	:invoke	:broadcast	83
4	:ok	:broadcast	83
0	:invoke	:read	nil
0	:ok	:read	[0 0 0 0 0 0 0 0 0 0 0 0 0 0 0 0 0 0 0 0 0 0 0 0 0 0 0 0 0 0 0 0 0 0 0 0 0 0 0 0 0 0 0 0 0 0 0 0 0 0 0 0 0 0 0 0 0 0 0 0 0 0 0 0 0 0 0 0 0 0 0 0 0 0 0 0 29 30 37 58 66 32 63 81 16 21 22 59 62 17 20 23 36 38 51 7 15 34 71 74 12 45 52 54 60 0 13 78 9 19 33 47 72 3 44 57 50 55 4 25 27 40 42 48 73 79 80 35 39 69 75 82 77 8 10 31 56 61 64 5 24 65 1 41 53 68 28 43 49 67 46 70]
0	:invoke	:broadcast	84
0	:ok	:broadcast	84
1	:invoke	:broadcast	85
1	:ok	:broadcast	85
2	:invoke	:read	nil
2	:ok	:read	[0 0 0 0 0 0 0 0 0 0 0 0 0 0 0 0 0 0 0 0 0 0 0 0 0 0 0 0 0 0 0 0 0 0 0 0 0 0 0 0 0 0 0 0 0 0 0 0 0 0 0 0 0 0 0 0 0 0 0 0 0 0 0 0 0 0 0 0 0 0 0 0 0 0 0 0 0 0 3 51 53 71 74 50 82 9 33 47 65 77 36 48 56 66 70 79 20 15 31 41 45 80 7 0 38 10 28 59 64 72 78 84 52 8 22 27 32 35 39 49 58 69 1 17 23 34 68 85 44 4 5 13 16 19 21 43 46 60 24 25 42 54 55 73 81 37 61 12 30 40 62 67 75 29 57 63]
3	:invoke	:read	nil
3	:ok	:read	[0 0 0 0 0 0 0 0 0 0 0 0 0 0 0 0 0 0 0 0 0 0 0 0 0 0 0 0 0 0 0 0 0 0 0 0 0 0 0 0 0 0 0 0 0 0 0 0 0 0 0 0 0 0 0 0 0 0 0 0 0 0 0 0 0 0 0 0 0 0 0 0 0 0 0 0 0 0 46 48 50 34 23 47 49 61 75 4 30 82 1 15 41 67 5 17 45 51 52 54 63 65 10 19 62 85 43 25 32 9 20 21 27 33 35 57 59 12 36 80 13 8 31 53 68 69 70 72 0 84 38 40 44 58 66 7 37 60 28 78 79 81 22 29 39 42 56 71 77 24 16 55 64 73 74 3]
4	:invoke	:read	nil
4	:ok	:read	[0 0 0 0 0 0 0 0 0 0 0 0 0 0 0 0 0 0 0 0 0 0 0 0 0 0 0 0 0 0 0 0 0 0 0 0 0 0 0 0 0 0 0 0 0 76 11 40 50 57 59 66 62 67 37 46 47 54 55 56 70 39 58 83 35 42 45 65 69 6 43 49 51 61 68 2 34 41 64 60 14 18 26 44 52 53 36 38 48 63]
0	:invoke	:read	nil
0	:ok	:read	[0 0 0 0 0 0 0 0 0 0 0 0 0 0 0 0 0 0 0 0 0 0 0 0 0 0 0 0 0 0 0 0 0 0 0 0 0 0 0 0 0 0 0 0 0 0 0 0 0 0 0 0 0 0 0 0 0 0 0 0 0 0 0 0 0 0 0 0 0 0 0 0 0 0 0 0 0 0 57 3 44 27 40 42 48 50 55 4 25 80 73 79 69 75 82 35 39 31 56 61 64 77 8 10 65 5 24 53 68 1 41 49 67 84 28 43 46 70 37 58 66 29 30 81 32 63 22 16 21 23 36 38 51 59 62 17 20 34 71 74 85 7 15 52 54 60 12 45 78 0 13 33 47 72 9 19]
0	:invoke	:read	nil
0	:ok	:read	[0 0 0 0 0 0 0 0 0 0 0 0 0 0 0 0 0 0 0 0 0 0 0 0 0 0 0 0 0 0 0 0 0 0 0 0 0 0 0 0 0 0 0 0 0 0 0 0 0 0 0 0 0 0 0 0 0 0 0 0 0 0 0 0 0 0 0 0 0 0 0 0 0 0 0 0 0 0 40 42 48 50 55 4 25 27 73 79 80 75 82 35 39 69 56 61 64 77 8 10 31 5 24 65 68 1 41 53 67 84 28 43 49 46 70 58 66 29 30 37 32 63 81 16 21 22 36 38 51 59 62 17 20 23 71 74 85 7 15 34 54 60 12 45 52 0 13 78 47 72 9 19 33 3 44 57]
1	:invoke	:broadcast	86
1	:ok	:broadcast	86
2	:invoke	:broadcast	87
2	:ok	:broadcast	87
3	:invoke	:read	nil
3	:ok	:read	[0 0 0 0 0 0 0 0 0 0 0 0 0 0 0 0 0 0 0 0 0 0 0 0 0 0 0 0 0 0 0 0 0 0 0 0 0 0 0 0 0 0 0 0 0 0 0 0 0 0 0 0 0 0 0 0 0 0 0 0 0 0 0 0 0 0 0 0 0 0 0 0 0 0 0 0 0 0 0 0 13 36 80 68 69 70 72 0 8 31 53 84 58 66 7 38 40 44 28 37 60 86 22 78 79 81 56 71 77 24 29 39 42 73 74 3 16 55 64 34 46 48 50 61 75 4 23 47 49 1 30 82 5 15 41 67 52 54 63 65 10 17 45 51 87 19 43 62 85 9 25 32 33 35 57 59 12 20 21 27]
4	:invoke	:read	nil
4	:ok	:read	[0 0 0 0 0 0 0 0 0 0 0 0 0 0 0 0 0 0 0 0 0 0 0 0 0 0 0 0 0 0 0 0 0 0 0 0 0 0 0 0 0 0 0 0 0 11 40 50 57 59 66 76 37 46 47 54 55 56 62 67 70 39 58 83 35 42 45 65 6 43 49 51 61 68 69 2 34 41 64 14 18 26 44 52 53 60 36 38 48 63]
0	:invoke	:broadcast	88
0	:ok	:broadcast	88
0	:invoke	:read	nil
0	:ok	:read	[0 0 0 0 0 0 0 0 0 0 0 0 0 0 0 0 0 0 0 0 0 0 0 0 0 0 0 0 0 0 0 0 0 0 0 0 0 0 0 0 0 0 0 0 0 0 0 0 0 0 0 0 0 0 0 0 0 0 0 0 0 0 0 0 0 0 0 0 0 0 0 0 0 0 0 0 0 0 0 0 0 16 21 22 59 62 17 20 23 36 38 51 7 15 34 71 74 85 12 45 52 54 60 0 13 78 9 19 33 47 72 3 44 57 50 55 4 25 27 40 42 48 73 79 80 87 35 39 69 75 82 77 8 10 31 56 61 64 5 24 65 1 41 53 68 86 88 28 43 49 67 84 46 70 29 30 37 58 66 32 63 81]
1	:invoke	:broadcast	89
1	:ok	:broadcast	89
2	:invoke	:broadcast	90
2	:ok	:broadcast	90
3	:invoke	:broadcast	91
3	:ok	:broadcast	91
4	:invoke	:broadcast	92
4	:ok	:broadcast	92
0	:invoke	:broadcast	93
0	:ok	:broadcast	93
0	:invoke	:read	nil
0	:ok	:read	[0 0 0 0 0 0 0 0 0 0 0 0 0 0 0 0 0 0 0 0 0 0 0 0 0 0 0 0 0 0 0 0 0 0 0 0 0 0 0 0 0 0 0 0 0 0 0 0 0 0 0 0 0 0 0 0 0 0 0 0 0 0 0 0 0 0 0 0 0 0 0 0 0 0 0 0 0 0 0 0 0 0 0 0 0 81 32 63 22 16 21 23 36 38 51 59 62 17 20 93 34 71 74 85 7 15 52 54 60 89 91 12 45 78 0 13 33 47 72 9 19 57 3 44 27 40 42 48 50 55 4 25 80 87 90 73 79 69 75 82 35 39 31 56 61 64 77 8 10 65 5 24 53 68 86 88 1 41 49 67 84 28 43 46 70 37 58 66 29 30]
1	:invoke	:broadcast	94
1	:ok	:broadcast	94
2	:invoke	:read	nil
2	:ok	:read	[0 0 0 0 0 0 0 0 0 0 0 0 0 0 0 0 0 0 0 0 0 0 0 0 0 0 0 0 0 0 0 0 0 0 0 0 0 0 0 0 0 0 0 0 0 0 0 0 0 0 0 0 0 0 0 0 0 0 0 0 0 0 0 0 0 0 0 0 0 0 0 0 0 0 0 0 0 0 0 0 0 0 0 0 0 0 16 19 21 43 44 4 5 13 46 60 54 55 73 81 88 24 25 42 37 61 62 67 75 12 30 40 29 57 63 71 74 94 3 51 53 50 82 65 77 89 9 33 47 66 70 79 36 48 56 20 45 80 87 91 15 31 41 7 0 38 64 72 78 84 86 10 28 59 93 32 35 39 49 52 8 22 27 58 69 90 34 68 85 1 17 23]
3	:invoke	:broadcast	95
3	:ok	:broadcast	95
4	:invoke	:read	nil
4	:ok	:read	[0 0 0 0 0 0 0 0 0 0 0 0 0 0 0 0 0 0 0 0 0 0 0 0 0 0 0 0 0 0 0 0 0 0 0 0 0 0 0 0 0 0 0 0 0 0 36 38 48 63 11 40 50 57 59 66 76 67 37 46 47 54 55 56 62 70 39 58 83 35 42 45 65 92 6 43 49 51 61 68 69 2 34 41 64 14 18 26 44 52 53 60]
0	:invoke	:read	nil
0	:ok	:read	[0 0 0 0 0 0 0 0 0 0 0 0 0 0 0 0 0 0 0 0 0 0 0 0 0 0 0 0 0 0 0 0 0 0 0 0 0 0 0 0 0 0 0 0 0 0 0 0 0 0 0 0 0 0 0 0 0 0 0 0 0 0 0 0 0 0 0 0 0 0 0 0 0 0 0 0 0 0 0 0 0 0 0 0 0 0 0 28 43 49 67 84 46 70 29 30 37 58 66 32 63 81 95 16 21 22 51 59 62 17 20 23 36 38 93 85 7 15 34 71 74 89 91 12 45 52 54 60 0 13 78 9 19 33 47 72 3 44 57 48 50 55 4 25 27 40 42 73 79 80 87 90 35 39 69 75 82 64 77 94 8 10 31 56 61 5 24 65 88 1 41 53 68 86]
0	:invoke	:read	nil
0	:ok	:read	[0 0 0 0 0 0 0 0 0 0 0 0 0 0 0 0 0 0 0 0 0 0 0 0 0 0 0 0 0 0 0 0 0 0 0 0 0 0 0 0 0 0 0 0 0 0 0 0 0 0 0 0 0 0 0 0 0 0 0 0 0 0 0 0 0 0 0 0 0 0 0 0 0 0 0 0 0 0 0 0 0 0 0 0 0 0 0 5 24 65 86 88 1 41 53 68 84 28 43 49 67 46 70 66 29 30 37 58 32 63 81 95 16 21 22 38 51 59 62 17 20 23 36 93 74 85 7 15 34 71 60 89 91 12 45 52 54 0 13 78 72 9 19 33 47 3 44 57 42 48 50 55 4 25 27 40 90 73 79 80 87 82 35 39 69 75 61 64 77 94 8 10 31 56]
1	:invoke	:broadcast	96
1	:ok	:broadcast	96
2	:invoke	:read	nil
2	:ok	:read	[0 0 0 0 0 0 0 0 0 0 0 0 0 0 0 0 0 0 0 0 0 0 0 0 0 0 0 0 0 0 0 0 0 0 0 0 0 0 0 0 0 0 0 0 0 0 0 0 0 0 0 0 0 0 0 0 0 0 0 0 0 0 0 0 0 0 0 0 0 0 0 0 0 0 0 0 0 0 0 0 0 0 0 0 0 0 0 0 9 33 47 65 77 89 36 48 56 66 70 79 20 15 31 41 45 80 87 91 7 96 0 38 10 28 59 64 72 78 84 86 93 8 22 27 32 35 39 49 52 58 69 90 1 17 23 34 68 85 4 5 13 16 19 21 43 44 46 60 24 25 42 54 55 73 81 88 95 37 61 12 30 40 62 67 75 29 57 63 3 51 53 71 74 94 50 82]
3	:invoke	:broadcast	97
3	:ok	:broadcast	97
4	:invoke	:broadcast	98
4	:ok	:broadcast	98
0	:invoke	:broadcast	99
0	:ok	:broadcast	99
0	:invoke	:read	nil
0	:ok	:read	[0 0 0 0 0 0 0 0 0 0 0 0 0 0 0 0 0 0 0 0 0 0 0 0 0 0 0 0 0 0 0 0 0 0 0 0 0 0 0 0 0 0 0 0 0 0 0 0 0 0 0 0 0 0 0 0 0 0 0 0 0 0 0 0 0 0 0 0 0 0 0 0 0 0 0 0 0 0 0 0 0 0 0 0 0 0 0 0 0 0 30 37 58 66 29 63 81 95 32 21 22 97 16 20 23 36 38 51 59 62 17 99 93 15 34 71 74 85 7 45 52 54 60 89 91 12 13 78 0 19 33 47 72 9 44 57 3 25 27 40 42 48 50 55 4 79 80 87 90 73 39 69 75 82 35 10 31 56 61 64 77 94 8 24 65 96 5 41 53 68 86 88 1 43 49 67 84 28 70 46]
1	:invoke	:read	nil
1	:ok	:read	[0 0 0 0 0 0 0 0 0 0 0 0 0 0 0 0 0 0 0 0 0 0 0 0 0 0 0 0 0 0 0 0 0 0 0 0 0 0 0 0 0 0 0 0 0 0 0 0 0 0 0 0 0 0 0 0 0 0 0 0 0 0 0 0 0 0 0 0 0 0 0 0 0 0 0 0 0 0 0 0 0 0 0 0 0 0 0 0 0 0 10 29 56 58 7 16 37 75 79 82 17 33 43 70 99 13 31 62 71 80 95 28 32 48 54 73 74 91 3 30 39 60 78 42 63 69 85 86 67 5 22 38 52 53 57 65 12 23 27 55 87 89 8 66 77 4 34 35 46 61 84 88 68 1 9 19 21 40 47 50 49 25 45 59 81 96 15 20 24 41 44 90 94 0 36 51 64 72 93 97]
2	:invoke	:read	nil
2	:ok	:read	[0 0 0 0 0 0 0 0 0 0 0 0 0 0 0 0 0 0 0 0 0 0 0 0 0 0 0 0 0 0 0 0 0 0 0 0 0 0 0 0 0 0 0 0 0 0 0 0 0 0 0 0 0 0 0 0 0 0 0 0 0 0 0 0 0 0 0 0 0 0 0 0 0 0 0 0 0 0 0 0 0 0 0 0 0 0 0 0 0 0 64 72 78 84 86 10 28 59 93 32 35 39 49 52 8 22 27 58 69 90 34 68 85 1 17 23 16 19 21 43 44 4 5 13 46 60 54 55 73 81 88 24 25 42 95 37 61 62 67 75 12 30 40 97 29 57 63 71 74 94 3 51 53 50 82 65 77 89 9 33 47 66 70 79 36 48 56 20 99 45 80 87 91 15 31 41 7 96 0 38]
3	:invoke	:read	nil
3	:ok	:read	[0 0 0 0 0 0 0 0 0 0 0 0 0 0 0 0 0 0 0 0 0 0 0 0 0 0 0 0 0 0 0 0 0 0 0 0 0 0 0 0 0 0 0 0 0 0 0 0 0 0 0 0 0 0 0 0 0 0 0 0 0 0 0 0 0 0 0 0 0 0 0 0 0 0 0 0 0 0 0 0 0 0 0 0 0 0 0 0 0 0 9 25 32 33 35 57 59 12 20 21 27 96 13 36 80 89 68 69 70 72 0 8 31 53 84 58 66 90 7 38 40 44 28 37 60 95 86 22 78 79 81 56 71 77 97 24 29 39 42 73 74 3 16 55 64 88 34 46 48 50 61 75 94 4 23 47 49 1 30 82 91 5 15 41 67 52 54 63 65 10 17 45 51 87 19 99 43 62 85 93]
4	:invoke	:broadcast	100
4	:ok	:broadcast	100
0	:invoke	:read	nil
0	:ok	:read	[0 0 0 0 0 0 0 0 0 0 0 0 0 0 0 0 0 0 0 0 0 0 0 0 0 0 0 0 0 0 0 0 0 0 0 0 0 0 0 0 0 0 0 0 0 0 0 0 0 0 0 0 0 0 0 0 0 0 0 0 0 0 0 0 0 0 0 0 0 0 0 0 0 0 0 0 0 0 0 0 0 0 0 0 0 0 0 0 0 0 88 1 41 53 68 86 28 43 49 67 84 46 70 29 30 37 58 66 32 63 81 95 16 21 22 97 51 59 62 17 20 23 36 38 93 99 85 7 15 34 71 74 89 91 12 45 52 54 60 0 13 78 9 19 33 47 72 3 44 57 48 50 55 4 25 27 40 42 73 79 80 87 90 35 39 69 75 82 64 77 94 8 10 31 56 61 5 24 65 96]
0	:invoke	:broadcast	101
0	:ok	:broadcast	101
1	:invoke	:broadcast	102
1	:ok	:broadcast	102
2	:invoke	:read	nil
2	:ok	:read	[0 0 0 0 0 0 0 0 0 0 0 0 0 0 0 0 0 0 0 0 0 0 0 0 0 0 0 0 0 0 0 0 0 0 0 0 0 0 0 0 0 0 0 0 0 0 0 0 0 0 0 0 0 0 0 0 0 0 0 0 0 0 0 0 0 0 0 0 0 0 0 0 0 0 0 0 0 0 0 0 0 0 0 0 0 0 0 0 0 0 0 0 84 86 10 28 59 64 72 78 93 49 52 8 22 27 32 35 39 58 69 90 1 17 23 34 68 85 43 44 4 5 13 16 19 21 46 60 81 88 24 25 42 54 55 73 95 37 61 102 12 30 40 62 67 75 29 57 63 97 3 51 53 71 74 94 50 82 9 33 47 65 77 89 36 48 56 66 70 79 20 99 91 15 31 41 45 80 87 7 96 0 38 101]
3	:invoke	:read	nil
3	:ok	:read	[0 0 0 0 0 0 0 0 0 0 0 0 0 0 0 0 0 0 0 0 0 0 0 0 0 0 0 0 0 0 0 0 0 0 0 0 0 0 0 0 0 0 0 0 0 0 0 0 0 0 0 0 0 0 0 0 0 0 0 0 0 0 0 0 0 0 0 0 0 0 0 0 0 0 0 0 0 0 0 0 0 0 0 0 0 0 0 0 0 0 0 0 28 37 60 95 86 22 78 79 81 56 71 77 97 24 29 39 42 101 73 74 3 16 55 64 88 34 46 48 50 61 75 94 102 4 23 47 49 1 30 82 91 5 15 41 67 52 54 63 65 10 17 45 51 87 19 99 43 62 85 93 9 25 32 33 35 57 59 12 20 21 27 96 13 36 80 89 68 69 70 72 0 8 31 53 84 58 66 90 7 38 40 44]
4	:invoke	:broadcast	103
4	:ok	:broadcast	103
0	:invoke	:broadcast	104
0	:ok	:broadcast	104
0	:invoke	:read	nil
0	:ok	:read	[0 0 0 0 0 0 0 0 0 0 0 0 0 0 0 0 0 0 0 0 0 0 0 0 0 0 0 0 0 0 0 0 0 0 0 0 0 0 0 0 0 0 0 0 0 0 0 0 0 0 0 0 0 0 0 0 0 0 0 0 0 0 0 0 0 0 0 0 0 0 0 0 0 0 0 0 0 0 0 0 0 0 0 0 0 0 0 0 0 0 0 0 0 25 27 40 42 48 50 55 4 79 80 87 90 73 39 69 75 82 35 10 31 56 61 64 77 94 8 102 24 65 96 5 41 53 68 86 88 1 43 49 67 84 101 28 70 46 30 37 58 66 29 63 81 95 32 21 22 97 16 20 23 36 38 51 59 62 17 99 93 15 34 71 74 85 104 7 45 52 54 60 89 91 12 13 78 0 19 33 47 72 9 44 57 3]
1	:invoke	:broadcast	105
1	:ok	:broadcast	105
:nemesis	:info	:stop-partition	nil
:nemesis	:info	:stop-partition	:network-healed
2	:invoke	:read	nil
1	:invoke	:read	nil
4	:invoke	:read	nil
0	:invoke	:read	nil
3	:invoke	:read	nil
4	:ok	:read	[0 0 0 0 0 0 0 0 0 0 0 0 0 0 0 0 0 0 0 0 0 0 0 0 0 0 0 0 0 0 0 0 0 0 0 0 0 0 0 0 0 0 0 0 0 0 0 0 0 0 39 58 83 35 42 45 65 92 6 43 49 51 61 68 69 98 103 2 34 41 64 14 18 26 44 52 53 60 36 38 48 63 100 11 40 50 57 59 66 76 67 37 46 47 54 55 56 62 70 105]
2	:ok	:read	[0 0 0 0 0 0 0 0 0 0 0 0 0 0 0 0 0 0 0 0 0 0 0 0 0 0 0 0 0 0 0 0 0 0 0 0 0 0 0 0 0 0 0 0 0 0 0 0 0 0 0 0 0 0 0 0 0 0 0 0 0 0 0 0 0 0 0 0 0 0 0 0 0 0 0 0 0 0 0 0 0 0 0 0 0 0 0 0 0 0 0 0 0 0 7 96 0 38 101 72 78 84 86 10 28 59 64 93 35 39 49 52 8 22 27 32 58 69 90 68 85 1 17 23 34 19 21 43 44 4 5 13 16 46 60 55 73 81 88 24 25 42 54 95 37 61 67 75 102 12 30 40 62 29 57 63 97 74 94 3 51 53 71 50 82 77 89 104 9 33 47 65 70 79 36 48 56 66 20 99 80 87 91 105 15 31 41 45]
1	:ok	:read	[0 0 0 0 0 0 0 0 0 0 0 0 0 0 0 0 0 0 0 0 0 0 0 0 0 0 0 0 0 0 0 0 0 0 0 0 0 0 0 0 0 0 0 0 0 0 0 0 0 0 0 0 0 0 0 0 0 0 0 0 0 0 0 0 0 0 0 0 0 0 0 0 0 0 0 0 0 0 0 0 0 0 0 0 0 0 0 0 0 0 0 0 0 0 19 21 40 47 50 68 1 9 49 59 81 102 25 45 24 41 44 90 94 96 15 20 51 64 72 93 97 0 36 56 58 101 104 10 29 37 75 79 82 7 16 43 70 99 17 33 62 71 80 95 13 31 48 54 73 74 91 28 32 39 60 78 3 30 69 85 86 42 63 38 52 53 57 65 67 5 22 27 55 87 89 12 23 77 8 66 35 46 61 84 88 105 4 34]
3	:ok	:read	[0 0 0 0 0 0 0 0 0 0 0 0 0 0 0 0 0 0 0 0 0 0 0 0 0 0 0 0 0 0 0 0 0 0 0 0 0 0 0 0 0 0 0 0 0 0 0 0 0 0 0 0 0 0 0 0 0 0 0 0 0 0 0 0 0 0 0 0 0 0 0 0 0 0 0 0 0 0 0 0 0 0 0 0 0 0 0 0 0 0 0 0 0 0 99 43 62 85 93 9 25 32 33 35 57 59 12 20 21 27 105 96 104 13 36 80 89 68 69 70 72 0 8 31 53 84 58 66 90 7 38 40 44 28 37 60 95 86 22 78 79 81 56 71 77 97 24 29 39 42 101 73 74 3 16 55 64 88 34 46 48 50 61 75 94 102 4 23 47 49 1 30 82 91 5 15 41 67 52 54 63 65 10 17 45 51 87 19]
0	:ok	:read	[0 0 0 0 0 0 0 0 0 0 0 0 0 0 0 0 0 0 0 0 0 0 0 0 0 0 0 0 0 0 0 0 0 0 0 0 0 0 0 0 0 0 0 0 0 0 0 0 0 0 0 0 0 0 0 0 0 0 0 0 0 0 0 0 0 0 0 0 0 0 0 0 0 0 0 0 0 0 0 0 0 0 0 0 0 0 0 0 0 0 0 0 0 0 77 94 8 10 31 56 61 64 102 5 24 65 96 1 41 53 68 86 88 105 28 43 49 67 84 101 46 70 29 30 37 58 66 32 63 81 95 16 21 22 97 59 62 17 20 23 36 38 51 93 99 104 7 15 34 71 74 85 91 12 45 52 54 60 89 0 13 78 9 19 33 47 72 3 44 57 50 55 4 25 27 40 42 48 73 79 80 87 90 35 39 69 75 82]
