0	:invoke	:broadcast	0
0	:ok	:broadcast	0
1	:invoke	:broadcast	1
1	:ok	:broadcast	1
2	:invoke	:broadcast	2
2	:ok	:broadcast	2
3	:invoke	:broadcast	3
3	:ok	:broadcast	3
4	:invoke	:broadcast	4
4	:ok	:broadcast	4
0	:invoke	:broadcast	5
0	:ok	:broadcast	5
0	:invoke	:read	nil
0	:ok	:read	[0 1 2 3 4 5]
1	:invoke	:broadcast	6
1	:ok	:broadcast	6
2	:invoke	:read	nil
2	:ok	:read	[1 2 3 4 5 6 0]
3	:invoke	:read	nil
3	:ok	:read	[0 1 2 3 4 5 6]
4	:invoke	:read	nil
4	:ok	:read	[0 1 2 3 4 5 6]
0	:invoke	:read	nil
0	:ok	:read	[5 6 0 1 2 3 4]
0	:invoke	:read	nil
0	:ok	:read	[0 1 2 3 4 5 6]
1	:invoke	:broadcast	7
1	:ok	:broadcast	7
2	:invoke	:read	nil
2	:ok	:read	[4 5 6 7 0 1 2 3]
3	:invoke	:read	nil
3	:ok	:read	[7 0 1 2 3 4 5 6]
4	:invoke	:read	nil
4	:ok	:read	[3 4 5 6 7 0 1 2]
0	:invoke	:broadcast	8
0	:ok	:broadcast	8
0	:invoke	:read	nil
0	:ok	:read	[1 5 6 7 0 2 3 4 8]
1	:invoke	:broadcast	9
1	:ok	:broadcast	9
2	:invoke	:read	nil
2	:ok	:read	[5 6 8 9 0 1 2 3 4 7]
3	:invoke	:read	nil
3	:ok	:read	[1 5 9 7 8 0 2 3 4 6]
4	:invoke	:read	nil
4	:ok	:read	[2 3 5 7 8 9 0 1 4 6]
0	:invoke	:read	nil
0	:ok	:read	[3 4 8 0 2 6 7 9 1 5]
0	:invoke	:read	nil
0	:ok	:read	[0 2 3 4 8 1 5 6 7 9]
1	:invoke	:broadcast	10
1	:ok	:broadcast	10
2	:invoke	:broadcast	11
2	:ok	:broadcast	11
3	:invoke	:read	nil
3	:ok	:read	[7 8 10 0 2 3 4 6 1 5 9 11]
4	:invoke	:broadcast	12
4	:ok	:broadcast	12
0	:invoke	:broadcast	13
0	:ok	:broadcast	13
0	:invoke	:broadcast	14
0	:ok	:broadcast	14
1	:invoke	:read	nil
1	:ok	:read	[0 1 4 5 6 7 2 10 3 11 14 8 9 12 13]
2	:invoke	:broadcast	15
2	:ok	:broadcast	15
3	:invoke	:read	nil
3	:ok	:read	[14 15 5 11 4 7 8 10 13 0 2 12 1 9 3 6]
4	:invoke	:broadcast	16
4	:ok	:broadcast	16
0	:invoke	:read	nil
0	:ok	:read	[0 2 4 8 16 12 14 3 10 11 1 5 6 7 9 13 15]
0	:invoke	:read	nil
0	:ok	:read	[12 14 3 10 11 1 5 6 7 9 13 15 0 2 4 8 16]
1	:invoke	:broadcast	17
1	:ok	:broadcast	17
2	:invoke	:broadcast	18
2	:ok	:broadcast	18
3	:invoke	:broadcast	19
3	:ok	:broadcast	19
4	:invoke	:broadcast	20
4	:ok	:broadcast	20
0	:invoke	:broadcast	21
0	:ok	:broadcast	21
0	:invoke	:broadcast	22
0	:ok	:broadcast	22
1	:invoke	:broadcast	23
1	:ok	:broadcast	23
2	:invoke	:broadcast	24
2	:ok	:broadcast	24
3	:invoke	:broadcast	25
3	:ok	:broadcast	25
4	:invoke	:broadcast	26
4	:ok	:broadcast	26
0	:invoke	:broadcast	27
0	:ok	:broadcast	27
0	:invoke	:read	nil
0	:ok	:read	[12 17 24 3 11 15 22 27 4 16 23 26 14 19 21 18 20 25 10 7 9 13 1 5 6 0 2 8]
1	:invoke	:broadcast	28
1	:ok	:broadcast	28
2	:invoke	:read	nil
2	:ok	:read	[6 10 23 1 19 5 8 9 15 24 25 0 3 16 17 28 7 12 20 21 27 13 14 22 26 2 4 11 18]
3	:invoke	:broadcast	29
3	:ok	:broadcast	29
4	:invoke	:read	nil
4	:ok	:read	[28 2 9 19 25 4 13 15 21 1 3 22 23 24 16 26 29 0 5 8 14 6 10 12 18 7 11 17 20 27]
0	:invoke	:read	nil
0	:ok	:read	[27 15 22 23 4 16 21 26 14 19 20 25 28 10 18 6 7 9 13 29 1 5 8 0 2 12 17 24 3 11]
0	:invoke	:read	nil
0	:ok	:read	[21 26 14 19 20 25 28 10 18 6 7 9 13 29 1 5 8 0 2 12 17 24 3 11 27 15 22 23 4 16]
1	:invoke	:read	nil
1	:ok	:read	[22 25 26 10 17 20 23 3 18 27 15 4 7 19 0 21 2 14 24 11 9 12 13 29 8 5 6 16 28 1]
2	:invoke	:broadcast	30
2	:ok	:broadcast	30
3	:invoke	:read	nil
3	:ok	:read	[6 17 27 15 23 30 0 2 8 10 24 1 9 12 16 3 18 20 22 5 11 14 26 21 29 4 7 13 19 25 28]
4	:invoke	:broadcast	31
4	:ok	:broadcast	31
0	:invoke	:broadcast	32
0	:ok	:broadcast	32
0	:invoke	:broadcast	33
0	:ok	:broadcast	33
1	:invoke	:broadcast	34
1	:ok	:broadcast	34
2	:invoke	:read	nil
2	:ok	:read	[0 3 16 17 24 25 30 34 7 12 20 21 28 31 33 13 14 22 26 27 2 4 11 18 32 6 10 23 1 19 29 5 8 9 15]
3	:invoke	:read	nil
3	:ok	:read	[15 23 0 2 8 10 30 1 9 12 16 24 32 3 18 20 22 5 11 14 26 31 34 4 7 13 19 21 29 25 28 6 17 27 33]
4	:invoke	:read	nil
4	:ok	:read	[17 20 27 32 7 11 28 19 25 2 9 15 21 30 4 13 22 23 24 31 34 1 3 29 16 26 8 14 0 5 12 18 33 6 10]
0	:invoke	:broadcast	35
0	:ok	:broadcast	35
0	:invoke	:broadcast	36
0	:ok	:broadcast	36
1	:invoke	:broadcast	37
1	:ok	:broadcast	37
2	:invoke	:broadcast	38
2	:ok	:broadcast	38
3	:invoke	:read	nil
3	:ok	:read	[25 28 6 17 27 33 15 23 30 36 37 0 2 8 10 24 32 1 9 12 16 38 3 18 20 22 5 11 14 26 21 29 31 34 4 7 13 19 35]
4	:invoke	:read	nil
4	:ok	:read	[9 19 25 2 13 15 21 30 4 3 22 23 24 31 34 1 26 29 16 5 8 14 0 10 12 18 33 6 11 17 20 27 32 36 37 7 38 35 28]
0	:invoke	:broadcast	39
0	:ok	:broadcast	39
0	:invoke	:read	nil
0	:ok	:read	[38 1 5 6 7 9 13 29 0 2 8 30 39 12 35 3 11 17 24 32 33 36 15 22 27 4 16 23 14 19 21 26 31 34 10 18 20 25 28 37]
1	:invoke	:broadcast	40
1	:ok	:broadcast	40
2	:invoke	:read	nil
2	:ok	:read	[35 0 3 16 17 24 25 30 34 38 40 7 12 20 21 28 31 33 13 14 22 26 27 2 4 11 18 32 37 6 10 23 36 39 1 19 29 5 8 9 15]
3	:invoke	:broadcast	41
3	:ok	:broadcast	41
4	:invoke	:broadcast	42
4	:ok	:broadcast	42
0	:invoke	:read	nil
0	:ok	:read	[18 20 25 28 37 10 5 6 7 9 13 29 38 1 40 2 8 30 39 0 35 41 12 11 17 24 32 33 36 3 22 27 15 16 23 42 4 19 21 26 31 34 14]
0	:invoke	:read	nil
0	:ok	:read	[4 16 23 42 34 14 19 21 26 31 37 10 18 20 25 28 13 29 38 1 5 6 7 9 40 0 2 8 30 39 12 35 41 33 36 3 11 17 24 32 15 22 27]
1	:invoke	:broadcast	43
1	:ok	:broadcast	43
2	:invoke	:read	nil
2	:ok	:read	[6 10 23 36 39 1 19 29 42 5 8 9 15 25 30 35 0 3 16 17 24 43 34 38 31 33 40 7 12 20 21 28 13 14 22 26 27 37 41 2 4 11 18 32]
3	:invoke	:read	nil
3	:ok	:read	[39 25 28 27 33 6 17 15 23 8 10 30 36 37 0 2 12 16 24 32 40 42 1 9 20 22 38 3 18 14 26 41 5 11 13 19 21 29 31 34 4 7 35 43]
4	:invoke	:broadcast	44
4	:ok	:broadcast	44
0	:invoke	:broadcast	45
0	:ok	:broadcast	45
0	:invoke	:broadcast	46
0	:ok	:broadcast	46
1	:invoke	:broadcast	47
1	:ok	:broadcast	47
2	:invoke	:broadcast	48
2	:ok	:broadcast	48
3	:invoke	:broadcast	49
3	:ok	:broadcast	49
4	:invoke	:broadcast	50
4	:ok	:broadcast	50
0	:invoke	:broadcast	51
0	:ok	:broadcast	51
0	:invoke	:broadcast	52
0	:ok	:broadcast	52
1	:invoke	:broadcast	53
1	:ok	:broadcast	53
2	:invoke	:read	nil
2	:ok	:read	[9 5 8 16 17 24 25 35 0 3 50 34 28 40 7 22 52 13 14 53 18 45 23 39 46 6 10 19 15 47 30 43 49 38 20 21 31 33 12 26 27 11 32 37 41 44 2 4 36 29 42 48 51 1]
3	:invoke	:read	nil
3	:ok	:read	[10 30 36 37 49 0 9 42 50 53 1 20 22 52 3 47 13 21 34 43 45 7 28 39 25 17 33 6 15 2 8 16 24 32 40 44 51 12 38 46 18 11 14 26 41 5 19 29 31 35 48 4 27 23]
4	:invoke	:broadcast	54
4	:ok	:broadcast	54
0	:invoke	:broadcast	55
0	:ok	:broadcast	55
0	:invoke	:broadcast	56
0	:ok	:broadcast	56
1	:invoke	:read	nil
1	:ok	:read	[25 30 10 22 46 55 3 20 33 38 15 27 37 53 0 4 42 2 21 12 13 41 8 50 6 16 28 52 1 5 34 40 48 49 51 54 26 31 43 17 23 44 56 18 39 32 35 7 19 45 24 11 14 29 36 47 9]
2	:invoke	:read	nil
2	:ok	:read	[13 14 22 52 54 18 45 53 6 10 23 39 46 19 15 47 30 43 49 38 12 20 21 31 33 26 27 2 4 11 32 37 41 44 36 55 1 29 42 48 51 5 8 9 0 3 16 17 24 25 35 34 50 7 28 40 56]
3	:invoke	:broadcast	57
3	:ok	:broadcast	57
4	:invoke	:read	nil
4	:ok	:read	[48 50 6 18 39 56 49 11 20 32 36 38 41 28 35 45 2 9 55 4 13 21 30 46 54 23 53 16 0 5 8 14 47 10 12 33 51 52 7 17 27 37 40 57 19 25 44 15 43 1 3 22 24 31 34 26 29 42]
0	:invoke	:broadcast	58
0	:ok	:broadcast	58
0	:invoke	:read	nil
0	:ok	:read	[8 39 43 46 47 12 48 56 11 24 57 22 16 14 21 31 34 44 10 18 20 1 5 38 40 51 0 2 30 50 54 58 35 41 3 17 32 33 36 55 15 27 53 4 23 42 19 26 52 25 28 37 45 49 6 7 9 13 29]
1	:invoke	:broadcast	59
1	:ok	:broadcast	59
2	:invoke	:read	nil
2	:ok	:read	[34 50 7 28 40 56 13 14 22 52 54 18 45 53 6 10 23 39 46 19 15 47 30 43 49 38 58 12 20 21 31 33 26 27 44 59 2 4 11 32 37 41 36 55 57 1 29 42 48 51 5 8 9 35 0 3 16 17 24 25]
3	:invoke	:broadcast	60
3	:ok	:broadcast	60
4	:invoke	:broadcast	61
4	:ok	:broadcast	61
0	:invoke	:read	nil
0	:ok	:read	[11 24 57 22 60 16 14 21 31 34 44 61 10 18 20 1 5 38 40 51 0 2 30 50 54 58 35 41 3 17 32 33 36 55 59 15 27 53 4 23 42 19 26 52 25 28 37 45 49 6 7 9 13 29 8 39 43 46 47 12 48 56]
0	:invoke	:broadcast	62
0	:ok	:broadcast	62
1	:invoke	:read	nil
1	:ok	:read	[34 40 48 49 51 54 26 31 43 17 23 44 56 18 39 32 35 57 7 19 62 45 61 24 11 14 36 47 9 29 25 30 10 22 46 55 3 20 33 38 15 27 37 53 59 0 4 42 2 21 58 60 13 41 50 8 12 6 16 28 52 1 5]
2	:invoke	:read	nil
2	:ok	:read	[22 52 54 61 13 14 53 18 45 23 39 46 6 10 19 60 15 47 49 30 43 38 58 21 31 33 12 20 26 27 11 32 37 41 44 59 2 4 57 36 55 42 48 51 62 1 29 9 5 8 16 17 24 25 35 0 3 34 50 40 56 7 28]
3	:invoke	:broadcast	63
3	:ok	:broadcast	63
4	:invoke	:read	nil
4	:ok	:read	[43 1 3 22 24 31 34 26 29 42 48 50 61 6 18 39 56 60 63 49 11 20 32 36 38 41 28 35 45 2 9 55 4 13 21 30 46 54 23 53 59 16 0 5 8 14 47 10 12 33 51 52 58 7 17 27 37 40 62 57 19 25 44 15]
0	:invoke	:broadcast	64
0	:ok	:broadcast	64
0	:invoke	:broadcast	65
0	:ok	:broadcast	65
1	:invoke	:broadcast	66
1	:ok	:broadcast	66
2	:invoke	:read	nil
2	:ok	:read	[62 1 29 42 48 51 5 8 9 25 35 63 0 3 16 17 24 34 50 7 28 40 56 61 13 14 22 52 54 18 45 53 64 65 66 6 10 23 39 46 19 15 47 60 30 43 49 38 58 12 20 21 31 33 26 27 41 44 59 2 4 11 32 37 36 55 57]
3	:invoke	:broadcast	67
3	:ok	:broadcast	67
4	:invoke	:read	nil
4	:ok	:read	[9 2 13 21 30 46 54 55 64 4 53 59 23 16 5 8 14 47 0 12 33 51 52 58 10 17 27 37 40 62 7 57 25 44 19 15 3 22 24 31 34 43 65 1 29 42 67 26 50 61 48 18 39 56 60 63 6 20 32 36 38 41 49 66 11 35 45 28]
0	:invoke	:broadcast	68
0	:ok	:broadcast	68
0	:invoke	:read	nil
0	:ok	:read	[15 27 53 4 23 42 67 19 26 52 25 28 37 45 49 64 6 7 9 13 29 8 39 43 46 47 12 48 56 11 24 57 62 22 60 16 14 21 31 34 44 61 10 18 20 63 65 66 68 1 5 38 40 51 0 2 30 50 54 58 35 41 3 17 32 33 36 55 59]
1	:invoke	:broadcast	69
1	:ok	:broadcast	69
2	:invoke	:read	nil
2	:ok	:read	[26 27 59 2 4 11 32 37 41 44 36 55 57 1 29 42 48 51 62 5 8 9 63 0 3 16 17 24 25 35 34 50 7 28 40 56 13 14 22 52 54 61 69 18 45 53 67 68 66 6 10 23 39 46 64 65 19 15 47 60 30 43 49 38 58 12 20 21 31 33]
3	:invoke	:read	nil
3	:ok	:read	[22 52 61 3 20 47 21 34 43 45 67 7 13 39 25 28 33 56 68 6 17 15 65 54 59 60 63 2 8 24 32 40 44 51 12 16 46 18 38 14 26 41 55 5 11 29 31 35 48 69 4 19 27 57 23 62 30 36 37 49 64 66 0 10 42 50 53 58 1 9]
4	:invoke	:read	nil
4	:ok	:read	[58 10 12 33 51 52 62 7 17 27 37 40 57 19 25 44 15 34 43 65 1 3 22 24 31 26 29 42 67 48 50 61 63 6 18 39 56 60 41 49 66 11 20 32 36 38 28 35 45 2 9 54 55 64 4 13 21 30 46 23 53 59 68 16 69 0 5 8 14 47]
0	:invoke	:read	nil
0	:ok	:read	[15 27 53 67 4 23 42 19 26 52 45 49 64 25 28 37 13 29 6 7 9 46 47 8 39 43 12 48 56 62 69 11 24 57 22 60 16 34 44 61 14 21 31 63 65 66 68 10 18 20 40 51 1 5 38 50 54 58 0 2 30 35 41 33 36 55 59 3 17 32]
0	:invoke	:broadcast	70
0	:ok	:broadcast	70
1	:invoke	:broadcast	71
1	:ok	:broadcast	71
2	:invoke	:broadcast	72
2	:ok	:broadcast	72
3	:invoke	:broadcast	73
3	:ok	:broadcast	73
4	:invoke	:broadcast	74
4	:ok	:broadcast	74
0	:invoke	:broadcast	75
0	:ok	:broadcast	75
0	:invoke	:broadcast	76
0	:ok	:broadcast	76
1	:invoke	:broadcast	77
1	:ok	:broadcast	77
2	:invoke	:read	nil
2	:ok	:read	[20 21 31 33 12 27 70 26 4 11 32 37 41 44 59 2 55 57 73 77 36 29 42 48 51 62 74 1 8 9 5 3 16 17 24 25 35 63 0 50 34 28 40 56 76 7 14 22 52 54 61 69 13 45 53 67 68 18 10 23 39 46 64 65 66 6 19 47 60 72 15 43 49 71 30 58 75 38]
3	:invoke	:read	nil
3	:ok	:read	[46 18 38 14 26 41 55 5 11 29 31 35 48 69 4 19 27 57 23 62 30 36 37 49 64 66 0 10 42 50 53 58 73 1 9 22 52 61 71 3 20 47 75 21 34 43 45 67 77 7 13 39 72 25 28 33 56 68 70 76 6 17 15 65 54 59 60 63 74 2 8 24 32 40 44 51 12 16]
4	:invoke	:read	nil
4	:ok	:read	[38 41 49 66 11 20 32 36 28 35 45 2 9 70 46 54 55 64 4 13 21 30 23 53 59 68 16 47 69 72 75 0 5 8 14 52 58 10 12 33 51 40 62 7 17 27 37 57 74 19 25 44 15 71 76 31 34 43 65 1 3 22 24 26 29 42 67 48 50 61 73 60 63 77 6 18 39 56]
0	:invoke	:read	nil
0	:ok	:read	[22 60 70 16 34 44 61 14 21 31 63 65 66 68 73 10 18 20 40 51 74 1 5 38 50 54 58 0 2 30 35 41 33 36 55 59 75 3 17 32 72 15 27 53 67 4 23 42 19 26 52 45 49 64 71 25 28 37 13 29 76 6 7 9 46 47 77 8 39 43 12 48 56 62 69 11 24 57]
0	:invoke	:broadcast	78
0	:ok	:broadcast	78
1	:invoke	:broadcast	79
1	:ok	:broadcast	79
2	:invoke	:read	nil
2	:ok	:read	[75 78 38 58 21 31 33 12 20 70 26 27 11 32 37 41 44 59 2 4 57 73 77 36 55 42 48 51 62 74 1 29 9 5 8 16 17 24 25 35 63 0 3 79 34 50 40 56 76 7 28 22 52 54 61 69 13 14 53 67 68 18 45 23 39 46 64 65 66 6 10 19 60 72 15 47 49 71 30 43]
3	:invoke	:read	nil
3	:ok	:read	[26 41 55 5 11 14 31 35 48 69 4 19 29 27 57 78 23 62 36 37 49 64 66 0 10 30 50 53 58 73 1 9 42 52 61 71 79 3 20 22 47 75 34 43 45 67 77 7 13 21 72 25 28 39 56 68 70 76 6 17 33 15 65 59 60 63 74 2 8 54 32 40 44 51 12 16 24 18 38 46]
4	:invoke	:read	nil
4	:ok	:read	[3 22 24 31 34 43 65 1 79 78 29 42 67 26 50 61 73 48 18 39 56 60 63 77 6 20 32 36 38 41 49 66 11 35 45 28 9 70 2 13 21 30 46 54 55 64 4 53 59 68 23 16 5 8 14 47 69 72 75 0 12 33 51 52 58 10 17 27 37 40 62 7 74 57 25 44 19 71 76 15]
0	:invoke	:read	nil
0	:ok	:read	[15 27 53 72 4 23 42 67 19 26 52 49 64 71 25 28 37 45 29 76 6 7 9 13 47 77 8 39 43 46 12 48 56 69 11 24 57 62 22 60 70 79 16 44 61 78 14 21 31 34 65 66 68 73 10 18 20 63 51 74 1 5 38 40 54 58 0 2 30 50 35 41 36 55 59 75 3 17 32 33]
0	:invoke	:read	nil
0	:ok	:read	[57 62 69 11 24 70 79 22 60 16 31 34 44 61 78 14 21 20 63 65 66 68 73 10 18 38 40 51 74 1 5 30 50 54 58 0 2 35 41 32 33 36 55 59 75 3 17 53 72 15 27 42 67 4 23 52 19 26 37 45 49 64 71 25 28 9 13 29 76 6 7 43 46 47 77 8 39 56 12 48]
1	:invoke	:read	nil
1	:ok	:read	[40 48 49 51 54 26 31 34 67 73 79 17 23 43 56 76 77 18 39 44 35 57 7 19 32 65 69 72 45 61 62 64 70 11 14 24 47 9 29 36 74 30 10 22 25 55 3 20 46 38 63 15 27 33 53 59 0 4 37 75 2 21 42 78 58 60 71 41 50 8 12 13 16 28 52 66 68 1 5 6]
2	:invoke	:broadcast	80
2	:ok	:broadcast	80
3	:invoke	:broadcast	81
3	:ok	:broadcast	81
4	:invoke	:read	nil
4	:ok	:read	[48 50 61 73 6 18 39 56 60 63 77 11 20 32 36 38 41 49 66 28 35 45 2 9 70 4 13 21 30 46 54 55 64 23 53 59 68 16 81 0 5 8 14 47 69 72 75 10 12 33 51 52 58 7 17 27 37 40 62 57 74 19 25 44 15 71 76 80 1 3 22 24 31 34 43 65 78 79 26 29 42 67]
0	:invoke	:read	nil
0	:ok	:read	[45 49 64 71 25 28 37 13 29 76 6 7 9 46 47 77 80 8 39 43 12 48 56 62 69 11 24 57 79 81 22 60 70 16 34 44 61 78 14 21 31 63 65 66 68 73 10 18 20 40 51 74 1 5 38 50 54 58 0 2 30 35 41 33 36 55 59 75 3 17 32 72 15 27 53 67 4 23 42 19 26 52]
0	:invoke	:broadcast	82
0	:ok	:broadcast	82
1	:invoke	:read	nil
1	:ok	:read	[9 29 36 47 74 10 22 25 30 3 20 46 55 15 27 33 38 63 0 4 37 53 59 2 21 42 75 58 60 71 78 8 12 13 41 50 68 1 5 6 16 28 52 66 80 54 26 31 34 40 48 49 51 67 73 79 17 23 43 82 18 39 44 56 76 77 7 19 32 35 57 45 61 62 65 69 72 11 14 24 64 70 81]
2	:invoke	:read	nil
2	:ok	:read	[26 27 70 44 59 2 4 11 32 37 41 36 55 57 73 77 74 1 29 42 48 51 62 5 8 9 35 63 0 3 16 17 24 25 79 34 50 82 7 28 40 56 76 69 13 14 22 52 54 61 18 45 53 67 68 80 65 66 6 10 23 39 46 64 19 81 15 47 60 72 30 43 49 71 38 58 75 78 12 20 21 31 33]
3	:invoke	:read	nil
3	:ok	:read	[52 61 71 79 3 20 22 47 75 34 43 45 67 77 7 13 21 80 72 25 28 39 56 68 70 76 6 17 33 15 65 82 59 60 63 74 2 8 54 32 40 44 51 12 16 24 18 38 46 26 41 55 5 11 14 31 35 48 69 81 4 19 29 27 57 78 23 62 36 37 49 64 66 0 10 30 50 53 58 73 1 9 42]
4	:invoke	:broadcast	83
4	:ok	:broadcast	83
0	:invoke	:read	nil
0	:ok	:read	[15 27 53 72 4 23 42 67 82 19 26 52 83 25 28 37 45 49 64 71 6 7 9 13 29 76 8 39 43 46 47 77 80 12 48 56 11 24 57 62 69 22 60 70 79 81 16 14 21 31 34 44 61 78 10 18 20 63 65 66 68 73 1 5 38 40 51 74 0 2 30 50 54 58 35 41 3 17 32 33 36 55 59 75]
0	:invoke	:read	nil
0	:ok	:read	[55 59 75 3 17 32 33 36 15 27 53 72 4 23 42 67 82 19 26 52 83 64 71 25 28 37 45 49 76 6 7 9 13 29 77 80 8 39 43 46 47 12 48 56 11 24 57 62 69 22 60 70 79 81 16 61 78 14 21 31 34 44 66 68 73 10 18 20 63 65 74 1 5 38 40 51 58 0 2 30 50 54 35 41]
1	:invoke	:read	nil
1	:ok	:read	[74 10 22 25 30 3 20 46 55 15 27 33 38 63 0 4 37 53 59 2 21 42 75 83 58 60 71 78 8 12 13 41 50 68 1 5 6 16 28 52 66 80 54 26 31 34 40 48 49 51 67 73 79 17 23 43 82 18 39 44 56 76 77 7 19 32 35 57 45 61 62 65 69 72 11 14 24 64 70 81 9 29 36 47]
2	:invoke	:read	nil
2	:ok	:read	[36 55 57 73 77 1 29 42 48 51 62 74 5 8 9 0 3 16 17 24 25 35 63 79 34 50 82 7 28 40 56 76 13 14 22 52 54 61 69 18 45 53 67 68 80 6 10 23 39 46 64 65 66 19 81 15 47 60 72 83 30 43 49 71 38 58 75 78 12 20 21 31 33 26 27 70 2 4 11 32 37 41 44 59]
3	:invoke	:broadcast	84
3	:ok	:broadcast	84
4	:invoke	:broadcast	85
4	:ok	:broadcast	85
0	:invoke	:broadcast	86
0	:ok	:broadcast	86
0	:invoke	:broadcast	87
0	:ok	:broadcast	87
1	:invoke	:read	nil
1	:ok	:read	[29 36 47 9 74 22 25 30 84 10 20 46 55 3 27 33 38 63 15 4 37 53 59 0 21 42 75 83 2 60 71 78 58 12 13 41 50 8 5 6 16 28 52 66 68 1 80 31 34 40 48 49 51 54 26 73 79 67 23 43 82 87 17 39 44 56 76 77 18 19 32 35 57 7 61 62 65 69 72 45 14 24 64 70 81 85 86 11]
2	:invoke	:read	nil
2	:ok	:read	[26 27 70 44 59 2 4 11 32 37 41 84 36 55 57 73 77 74 87 1 29 42 48 51 62 5 8 9 35 63 0 3 16 17 24 25 79 86 34 50 82 7 28 40 56 76 69 13 14 22 52 54 61 18 45 53 67 68 80 65 66 6 10 23 39 46 64 19 81 85 15 47 60 72 83 30 43 49 71 38 58 75 78 12 20 21 31 33]
3	:invoke	:read	nil
3	:ok	:read	[28 39 72 25 17 33 56 68 70 76 6 65 82 15 8 54 59 60 63 74 2 16 24 32 40 44 51 12 38 46 18 11 14 26 41 55 5 19 29 31 35 48 69 81 4 84 83 57 78 85 27 62 86 23 10 30 36 37 49 64 66 0 9 42 50 53 58 73 1 20 22 52 61 71 79 3 75 47 13 21 34 43 45 67 77 7 87 80]
4	:invoke	:broadcast	88
4	:ok	:broadcast	88
0	:invoke	:broadcast	89
0	:ok	:broadcast	89
0	:invoke	:read	nil
0	:ok	:read	[61 78 14 21 31 34 44 66 68 73 10 18 20 63 65 74 1 5 38 40 51 58 0 2 30 50 54 35 41 86 55 59 75 3 17 32 33 36 85 15 27 53 72 87 4 23 42 67 82 19 26 52 83 64 71 89 25 28 37 45 49 76 6 7 9 13 29 77 80 84 8 39 43 46 47 12 48 56 11 24 57 62 69 88 22 60 70 79 81 16]
1	:invoke	:broadcast	90
1	:ok	:broadcast	90
2	:invoke	:broadcast	91
2	:ok	:broadcast	91
3	:invoke	:read	nil
3	:ok	:read	[57 78 85 27 62 86 23 10 30 36 37 49 64 66 0 9 42 50 53 58 73 1 20 22 52 61 71 79 3 75 47 13 21 34 43 45 67 77 7 87 88 80 28 39 72 91 25 17 33 56 68 70 76 89 6 65 82 15 8 54 59 60 63 74 2 16 24 32 40 44 51 12 38 46 18 11 14 26 41 55 90 5 19 29 31 35 48 69 81 4 84 83]
4	:invoke	:broadcast	92
4	:ok	:broadcast	92
0	:invoke	:read	nil
0	:ok	:read	[28 37 45 49 64 71 89 25 7 9 13 29 76 6 39 43 46 47 77 80 84 8 48 56 92 12 24 57 62 69 11 60 70 79 81 88 22 16 21 31 34 44 61 78 14 18 20 63 65 66 68 73 10 90 5 38 40 51 74 1 2 30 50 54 58 0 41 86 35 17 32 33 36 55 59 75 3 85 27 53 72 15 23 42 67 82 87 4 26 52 83 91 19]
0	:invoke	:read	nil
0	:ok	:read	[41 86 35 17 32 33 36 55 59 75 3 85 27 53 72 15 23 42 67 82 87 4 26 52 83 91 19 28 37 45 49 64 71 89 25 7 9 13 29 76 6 39 43 46 47 77 80 84 8 48 56 92 12 24 57 62 69 11 60 70 79 81 88 22 16 21 31 34 44 61 78 14 18 20 63 65 66 68 73 10 90 5 38 40 51 74 1 2 30 50 54 58 0]
1	:invoke	:read	nil
1	:ok	:read	[17 23 43 82 87 77 18 39 44 56 76 7 19 32 35 57 72 45 61 62 65 69 81 85 86 11 14 24 64 70 9 29 36 47 74 91 92 10 22 25 30 84 3 20 46 55 90 88 15 27 33 38 63 0 4 37 53 59 2 21 42 75 83 58 60 71 78 89 8 12 13 41 50 52 66 68 1 5 6 16 28 80 49 51 54 26 31 34 40 48 67 73 79]
2	:invoke	:broadcast	93
2	:ok	:broadcast	93
3	:invoke	:broadcast	94
3	:ok	:broadcast	94
4	:invoke	:read	nil
4	:ok	:read	[36 38 41 49 66 11 20 32 83 89 28 35 45 2 9 70 30 46 54 55 64 4 13 21 68 23 53 59 16 81 14 47 69 72 75 0 5 8 82 92 51 52 58 84 10 12 33 37 40 62 87 7 17 27 57 74 85 19 25 44 80 86 88 15 71 76 24 31 34 43 65 1 3 22 78 79 67 91 26 29 42 73 94 48 50 61 56 60 63 77 90 6 18 39 93]
0	:invoke	:read	nil
0	:ok	:read	[56 92 12 48 57 62 69 11 24 70 79 81 88 94 22 60 16 31 34 44 61 78 14 21 20 63 65 66 68 73 10 18 90 38 40 51 74 1 5 30 50 54 58 0 2 86 35 41 32 33 36 55 59 75 3 17 85 53 72 15 27 42 67 82 87 4 23 52 83 91 19 26 37 45 49 64 71 89 25 28 93 9 13 29 76 6 7 43 46 47 77 80 84 8 39]
0	:invoke	:broadcast	95
0	:ok	:broadcast	95
1	:invoke	:read	nil
1	:ok	:read	[60 71 78 58 12 13 41 50 89 8 5 6 16 28 52 66 68 1 80 31 34 40 48 49 51 54 26 73 79 93 67 23 43 82 87 17 39 44 56 76 77 18 19 32 35 57 94 7 61 62 65 69 72 45 14 24 64 70 81 85 86 11 29 36 47 9 74 22 25 30 84 91 92 10 20 46 55 90 3 27 33 38 63 88 95 15 4 37 53 59 0 21 42 75 83 2]
2	:invoke	:broadcast	96
2	:ok	:broadcast	96
3	:invoke	:broadcast	97
3	:ok	:broadcast	97
4	:invoke	:broadcast	98
4	:ok	:broadcast	98
0	:invoke	:read	nil
0	:ok	:read	[59 75 3 17 32 33 36 55 85 15 27 53 72 98 4 23 42 67 82 87 19 26 52 83 91 71 89 25 28 37 45 49 64 93 6 7 9 13 29 76 80 84 8 39 43 46 47 77 12 48 56 92 95 11 24 57 62 69 94 22 60 70 79 81 88 16 78 14 21 31 34 44 61 68 73 10 18 20 63 65 66 90 1 5 38 40 51 74 96 97 0 2 30 50 54 58 35 41 86]
0	:invoke	:read	nil
0	:ok	:read	[47 77 80 84 8 39 43 46 95 12 48 56 92 69 11 24 57 62 81 88 94 22 60 70 79 16 44 61 78 14 21 31 34 65 66 68 73 10 18 20 63 90 51 74 1 5 38 40 54 58 96 97 0 2 30 50 35 41 86 36 55 59 75 3 17 32 33 85 98 15 27 53 72 82 87 4 23 42 67 91 19 26 52 83 49 64 71 89 25 28 37 45 93 29 76 6 7 9 13]
1	:invoke	:read	nil
1	:ok	:read	[3 20 46 55 90 96 95 15 27 33 38 63 88 0 4 37 53 59 2 21 42 75 83 58 60 71 78 8 12 13 41 50 89 66 68 1 5 6 16 28 52 80 51 54 26 31 34 40 48 49 67 73 79 93 17 23 43 82 87 97 18 39 44 56 76 77 7 19 32 35 57 94 98 45 61 62 65 69 72 85 86 11 14 24 64 70 81 9 29 36 47 74 92 10 22 25 30 84 91]
2	:invoke	:read	nil
2	:ok	:read	[11 32 37 41 44 59 2 4 84 57 73 77 36 55 42 48 51 62 74 87 1 29 9 98 5 8 16 17 24 25 35 63 0 3 91 79 86 82 34 50 40 56 76 89 7 28 22 52 54 61 69 90 13 14 53 67 68 80 88 95 18 45 23 39 46 64 65 66 6 10 85 19 81 60 72 83 15 47 49 71 30 43 75 78 92 93 94 38 58 21 31 33 12 20 70 96 97 26 27]
3	:invoke	:read	nil
3	:ok	:read	[81 4 19 29 31 35 48 69 93 95 83 84 94 27 57 78 85 23 62 86 66 0 10 30 36 37 49 64 92 96 1 9 42 50 53 58 73 3 20 22 52 61 71 79 47 75 77 7 13 21 34 43 45 67 80 87 88 25 28 39 72 91 89 6 17 33 56 68 70 76 15 65 82 98 2 8 54 59 60 63 74 12 16 24 32 40 44 51 18 38 46 97 5 11 14 26 41 55 90]
4	:invoke	:read	nil
4	:ok	:read	[89 28 35 45 98 2 9 70 30 46 54 55 64 4 13 21 95 68 96 97 23 53 59 16 81 14 47 69 72 75 0 5 8 82 92 51 52 58 84 10 12 33 37 40 62 87 7 17 27 57 74 85 19 25 44 80 86 88 15 71 76 24 31 34 43 65 1 3 22 78 79 67 91 26 29 42 73 94 48 50 61 56 60 63 77 90 6 18 39 93 36 38 41 49 66 11 20 32 83]
0	:invoke	:read	nil
0	:ok	:read	[48 56 92 95 12 24 57 62 69 11 60 70 79 81 88 94 22 16 21 31 34 44 61 78 14 18 20 63 65 66 68 73 10 90 5 38 40 51 74 1 2 30 50 54 58 96 97 0 41 86 35 17 32 33 36 55 59 75 3 85 27 53 72 98 15 23 42 67 82 87 4 26 52 83 91 19 28 37 45 49 64 71 89 25 93 7 9 13 29 76 6 39 43 46 47 77 80 84 8]
0	:invoke	:read	nil
0	:ok	:read	[87 4 23 42 67 82 19 26 52 83 91 64 71 89 25 28 37 45 49 93 76 6 7 9 13 29 77 80 84 8 39 43 46 47 12 48 56 92 95 11 24 57 62 69 88 94 22 60 70 79 81 16 61 78 14 21 31 34 44 66 68 73 10 18 20 63 65 90 74 1 5 38 40 51 58 96 97 0 2 30 50 54 35 41 86 55 59 75 3 17 32 33 36 85 15 27 53 72 98]
1	:invoke	:broadcast	99
1	:ok	:broadcast	99
2	:invoke	:broadcast	100
2	:ok	:broadcast	100
3	:invoke	:broadcast	101
3	:ok	:broadcast	101
4	:invoke	:broadcast	102
4	:ok	:broadcast	102
0	:invoke	:read	nil
0	:ok	:read	[49 64 71 89 25 28 37 45 93 29 76 6 7 9 13 47 77 80 84 8 39 43 46 95 12 48 56 92 69 11 24 57 62 81 88 94 102 22 60 70 79 16 44 61 78 14 21 31 34 65 66 68 73 10 18 20 63 90 51 74 1 5 38 40 54 58 96 97 0 2 30 50 35 41 86 36 55 59 75 3 17 32 33 85 99 98 15 27 53 72 82 87 100 4 23 42 67 91 101 19 26 52 83]
0	:invoke	:broadcast	103
0	:ok	:broadcast	103
1	:invoke	:broadcast	104
1	:ok	:broadcast	104
2	:invoke	:broadcast	105
2	:ok	:broadcast	105
3	:invoke	:read	nil
3	:ok	:read	[6 56 68 104 65 82 98 59 60 16 24 32 51 18 38 5 11 90 97 29 93 95 83 84 94 100 78 85 99 101 23 86 66 0 30 36 37 92 102 96 9 53 22 61 71 79 75 77 7 34 45 67 87 25 72 91 17 33 70 76 89 15 2 8 54 63 74 12 40 44 46 14 26 41 55 103 4 19 31 35 48 69 81 27 57 62 10 49 64 1 42 50 58 73 3 20 52 47 13 21 43 80 88 28 39 105]
4	:invoke	:read	nil
4	:ok	:read	[44 85 25 80 31 34 43 100 103 78 79 91 29 61 48 50 60 77 18 93 101 32 36 41 11 20 45 46 64 13 21 96 97 23 53 16 8 14 47 5 82 33 10 12 40 102 19 76 86 88 15 71 22 24 65 1 3 42 67 26 73 94 39 56 63 90 6 38 49 66 83 89 105 28 35 70 98 2 9 54 55 95 4 30 59 68 81 69 72 75 0 92 51 52 58 84 27 37 62 87 99 7 17 104 57 74]
0	:invoke	:broadcast	106
0	:ok	:broadcast	106
0	:invoke	:broadcast	107
0	:ok	:broadcast	107
1	:invoke	:read	nil
1	:ok	:read	[101 2 21 42 83 58 60 8 50 66 1 6 28 80 49 51 54 26 31 34 48 73 93 23 97 100 44 76 94 72 98 85 86 64 9 29 36 47 103 106 22 30 84 3 46 90 96 102 15 33 63 88 53 59 75 71 78 89 99 12 13 41 52 68 5 16 40 67 79 17 43 82 87 77 18 39 56 107 7 19 32 35 57 45 61 62 65 69 81 11 14 24 70 105 74 104 10 25 91 92 20 55 27 38 95 0 4 37]
2	:invoke	:read	nil
2	:ok	:read	[47 60 72 101 102 30 43 49 38 75 94 20 21 27 96 2 4 11 41 59 84 36 1 42 51 74 87 5 9 0 3 24 35 104 34 50 7 40 56 14 22 61 90 45 67 80 88 6 10 23 39 46 64 65 81 15 83 71 58 78 92 93 100 107 12 31 33 26 70 97 32 37 44 55 57 73 77 29 48 62 8 98 106 16 17 25 63 79 86 91 82 28 76 89 103 105 13 52 54 69 18 53 68 95 66 19 85 99]
3	:invoke	:broadcast	108
3	:ok	:broadcast	108
4	:invoke	:broadcast	109
4	:ok	:broadcast	109
4	:invoke	:read	nil
1	:invoke	:read	nil
3	:invoke	:read	nil
2	:invoke	:read	nil
0	:invoke	:read	nil
4	:ok	:read	[11 20 32 36 41 45 13 21 46 64 23 53 96 97 16 5 8 14 47 82 10 12 33 40 19 102 108 15 71 76 86 88 1 3 22 24 65 26 42 67 73 94 90 6 39 56 63 49 66 38 83 28 35 89 105 2 9 70 98 4 30 54 55 95 59 68 109 81 0 69 72 75 92 51 52 58 84 99 7 17 27 37 62 87 57 74 104 25 44 85 106 80 103 107 31 34 43 78 79 100 29 91 48 50 61 77 18 60 93 101]
1	:ok	:read	[71 78 89 99 12 13 41 5 16 52 68 40 67 79 17 43 82 87 77 18 39 56 107 7 19 32 35 57 45 61 62 65 69 81 11 14 24 70 105 109 74 104 10 25 91 92 20 55 27 38 95 0 4 37 2 21 42 83 101 58 60 8 50 108 1 6 28 66 80 49 51 54 26 31 34 48 73 93 23 97 100 44 76 94 72 98 85 86 64 9 29 36 47 103 106 22 30 84 3 46 90 96 102 15 33 63 88 53 59 75]
3	:ok	:read	[59 60 98 16 24 32 51 18 38 5 11 90 97 106 29 93 95 83 84 94 100 78 85 99 101 23 86 0 30 36 37 66 92 102 9 53 96 22 61 71 79 75 7 34 45 67 77 87 25 72 91 109 17 33 70 76 89 15 2 8 54 63 74 12 40 44 46 14 26 41 55 4 19 31 35 48 69 81 103 27 57 62 10 49 64 1 42 50 58 73 3 20 52 47 108 13 21 43 80 88 28 39 105 6 56 68 104 65 82 107]
2	:ok	:read	[66 19 85 99 102 47 60 72 101 30 43 49 38 75 94 20 21 27 96 2 4 11 41 59 84 36 109 1 42 51 74 87 5 9 0 3 24 35 104 34 50 7 40 56 14 22 61 90 45 67 80 88 65 6 10 23 39 46 64 81 15 83 71 58 78 92 93 100 107 12 31 33 26 70 97 32 37 44 55 57 73 77 29 48 62 8 98 106 91 16 17 25 63 79 86 82 28 76 89 103 105 13 52 54 69 18 53 68 95 108]
0	:ok	:read	[69 22 60 81 88 94 106 16 34 44 103 10 66 68 1 40 74 2 30 54 58 107 109 86 59 75 3 17 36 85 99 15 27 53 100 42 67 82 87 52 83 101 71 64 6 76 105 39 43 46 47 77 84 12 48 56 92 95 11 24 57 62 70 79 102 14 21 31 61 78 108 18 20 63 65 73 90 5 38 51 104 0 50 96 97 35 41 32 33 55 72 98 4 23 19 26 91 89 25 28 37 45 49 93 7 9 13 29 8 80]
