0	:invoke	:broadcast	0
0	:ok	:broadcast	0
1	:invoke	:broadcast	1
1	:ok	:broadcast	1
2	:invoke	:broadcast	2
2	:ok	:broadcast	2
3	:invoke	:broadcast	3
3	:ok	:broadcast	3
4	:invoke	:read	nil
4	:ok	:read	[0 1 2 3]
0	:invoke	:read	nil
0	:ok	:read	[3 0 1 2]
0	:invoke	:broadcast	4
0	:ok	:broadcast	4
1	:invoke	:broadcast	5
1	:ok	:broadcast	5
2	:invoke	:read	nil
2	:ok	:read	[5 0 1 2 3 4]
3	:invoke	:broadcast	6
3	:ok	:broadcast	6
4	:invoke	:read	nil
4	:ok	:read	[0 1 2 3 4 5 6]
0	:invoke	:broadcast	7
0	:ok	:broadcast	7
0	:invoke	:broadcast	8
0	:ok	:broadcast	8
1	:invoke	:broadcast	9
1	:ok	:broadcast	9
2	:invoke	:read	nil
2	:ok	:read	[5 6 9 3 1 2 4 7 8 0]
3	:invoke	:read	nil
3	:ok	:read	[6 9 1 3 5 7 8 0 2 4]
4	:invoke	:broadcast	10
4	:ok	:broadcast	10
0	:invoke	:read	nil
0	:ok	:read	[6 7 8 10 0 3 4 5 1 2 9]
0	:invoke	:broadcast	11
0	:ok	:broadcast	11
1	:invoke	:broadcast	12
1	:ok	:broadcast	12
2	:invoke	:broadcast	13
2	:ok	:broadcast	13
3	:invoke	:broadcast	14
3	:ok	:broadcast	14
4	:invoke	:broadcast	15
4	:ok	:broadcast	15
0	:invoke	:broadcast	16
0	:ok	:broadcast	16
0	:invoke	:read	nil
0	:ok	:read	[11 3 5 6 7 2 15 13 14 16 0 4 8 10 1 9 12]
1	:invoke	:broadcast	17
1	:ok	:broadcast	17
2	:invoke	:read	nil
2	:ok	:read	[2 4 7 11 13 17 1 15 16 12 8 0 5 6 9 10 14 3]
3	:invoke	:read	nil
3	:ok	:read	[1 3 12 8 11 13 14 16 5 6 9 10 17 0 2 4 7 15]
4	:invoke	:read	nil
4	:ok	:read	[7 9 12 13 5 15 10 3 4 6 16 1 2 8 11 14 17 0]
0	:invoke	:broadcast	18
0	:ok	:broadcast	18
0	:invoke	:broadcast	19
0	:ok	:broadcast	19
1	:invoke	:broadcast	20
1	:ok	:broadcast	20
2	:invoke	:read	nil
2	:ok	:read	[8 18 20 0 5 6 9 10 14 3 2 4 7 11 13 17 19 1 15 16 12]
3	:invoke	:broadcast	21
3	:ok	:broadcast	21
4	:invoke	:broadcast	22
4	:ok	:broadcast	22
0	:invoke	:read	nil
0	:ok	:read	[15 17 18 19 22 2 4 8 10 13 14 16 21 0 9 12 1 5 6 7 11 20 3]
0	:invoke	:read	nil
0	:ok	:read	[16 21 0 4 8 10 13 14 1 9 12 3 5 6 7 11 20 2 15 17 18 19 22]
1	:invoke	:broadcast	23
1	:ok	:broadcast	23
2	:invoke	:read	nil
2	:ok	:read	[7 11 13 17 19 1 2 4 21 22 12 15 16 20 0 8 18 9 10 14 23 3 5 6]
3	:invoke	:broadcast	24
3	:ok	:broadcast	24
4	:invoke	:read	nil
4	:ok	:read	[18 19 5 7 9 12 13 10 15 22 23 1 3 4 6 16 17 20 21 0 2 8 11 14 24]
0	:invoke	:broadcast	25
0	:ok	:broadcast	25
0	:invoke	:read	nil
0	:ok	:read	[6 7 11 20 24 3 5 17 18 19 22 2 15 8 10 13 14 16 21 0 4 25 12 23 1 9]
1	:invoke	:broadcast	26
1	:ok	:broadcast	26
2	:invoke	:broadcast	27
2	:ok	:broadcast	27
3	:invoke	:read	nil
3	:ok	:read	[20 15 12 22 1 14 16 13 10 9 2 4 7 17 19 23 24 0 27 21 25 3 11 26 8 6 18 5]
4	:invoke	:broadcast	28
4	:ok	:broadcast	28
0	:invoke	:broadcast	29
0	:ok	:broadcast	29
0	:invoke	:read	nil
0	:ok	:read	[24 27 3 11 20 19 22 26 10 14 21 9 5 6 7 18 29 2 15 17 13 16 25 28 0 4 8 1 12 23]
1	:invoke	:read	nil
1	:ok	:read	[0 11 20 23 19 3 5 13 29 22 28 6 9 10 15 21 1 7 8 14 12 18 26 27 2 4 24 16 17 25]
2	:invoke	:read	nil
2	:ok	:read	[14 23 25 28 5 9 10 22 1 13 17 15 24 20 26 0 8 18 3 6 29 11 19 21 27 2 4 7 12 16]
3	:invoke	:broadcast	30
3	:ok	:broadcast	30
4	:invoke	:read	nil
4	:ok	:read	[19 26 5 12 13 18 15 6 27 24 25 29 30 2 8 11 17 7 9 28 10 22 23 1 3 4 16 0 14 20 21]
0	:invoke	:broadcast	31
0	:ok	:broadcast	31
0	:invoke	:broadcast	32
0	:ok	:broadcast	32
1	:invoke	:broadcast	33
1	:ok	:broadcast	33
2	:invoke	:broadcast	34
2	:ok	:broadcast	34
3	:invoke	:read	nil
3	:ok	:read	[12 22 1 14 16 32 13 10 9 2 4 7 17 19 23 24 0 29 27 21 25 34 3 11 26 33 8 6 18 30 5 20 28 31 15]
4	:invoke	:broadcast	35
4	:ok	:broadcast	35
0	:invoke	:broadcast	36
0	:ok	:broadcast	36
0	:invoke	:broadcast	37
0	:ok	:broadcast	37
1	:invoke	:broadcast	38
1	:ok	:broadcast	38
2	:invoke	:broadcast	39
2	:ok	:broadcast	39
3	:invoke	:read	nil
3	:ok	:read	[13 14 16 32 39 9 10 24 0 2 4 7 17 19 23 27 29 3 21 25 34 36 8 11 26 33 37 5 6 18 30 38 15 20 28 31 35 1 12 22]
4	:invoke	:broadcast	40
4	:ok	:broadcast	40
0	:invoke	:read	nil
0	:ok	:read	[15 17 18 29 31 34 35 2 38 37 4 8 13 16 25 28 33 0 36 12 23 1 11 20 24 27 39 3 22 26 32 19 14 21 30 40 10 9 6 7 5]
0	:invoke	:read	nil
0	:ok	:read	[3 11 20 24 27 39 19 22 26 32 10 14 21 30 40 9 5 6 7 2 15 17 18 29 31 34 35 37 38 0 4 8 13 16 25 28 33 36 1 12 23]
1	:invoke	:broadcast	41
1	:ok	:broadcast	41
2	:invoke	:read	nil
2	:ok	:read	[17 22 36 1 13 32 35 15 24 18 20 26 38 0 8 29 31 33 3 6 7 11 19 21 27 39 2 4 40 37 12 16 34 41 10 14 23 25 28 30 5 9]
3	:invoke	:read	nil
3	:ok	:read	[16 32 39 41 13 14 9 10 4 7 17 19 23 24 0 2 27 29 25 34 36 3 21 26 33 37 8 11 18 30 38 40 5 6 28 31 35 15 20 22 1 12]
4	:invoke	:read	nil
4	:ok	:read	[1 3 4 16 37 0 14 20 21 35 33 40 5 12 13 18 19 26 15 6 27 31 29 30 2 8 11 17 24 25 32 34 38 7 9 28 39 41 10 22 23 36]
0	:invoke	:broadcast	42
0	:ok	:broadcast	42
0	:invoke	:broadcast	43
0	:ok	:broadcast	43
1	:invoke	:broadcast	44
1	:ok	:broadcast	44
2	:invoke	:broadcast	45
2	:ok	:broadcast	45
3	:invoke	:read	nil
3	:ok	:read	[23 24 0 2 4 7 17 19 27 29 3 21 25 34 36 8 11 26 33 37 44 42 45 5 6 18 30 38 40 15 20 28 31 35 1 12 22 43 13 14 16 32 39 41 9 10]
4	:invoke	:broadcast	46
4	:ok	:broadcast	46
0	:invoke	:broadcast	47
0	:ok	:broadcast	47
0	:invoke	:broadcast	48
0	:ok	:broadcast	48
1	:invoke	:read	nil
1	:ok	:read	[14 1 7 8 27 34 12 18 26 38 39 40 45 2 4 24 31 37 42 46 48 16 17 25 23 43 0 11 20 19 35 29 32 41 44 47 3 5 13 15 21 22 28 30 6 9 10 33 36]
2	:invoke	:broadcast	49
2	:ok	:broadcast	49
3	:invoke	:broadcast	50
3	:ok	:broadcast	50
4	:invoke	:broadcast	51
4	:ok	:broadcast	51
0	:invoke	:broadcast	52
0	:ok	:broadcast	52
0	:invoke	:read	nil
0	:ok	:read	[39 27 26 32 10 21 40 41 52 5 7 35 2 15 17 29 38 44 46 25 4 13 36 50 51 12 49 3 11 20 24 19 22 14 30 42 43 9 6 31 34 18 37 28 33 0 8 16 47 48 1 23 45]
1	:invoke	:read	nil
1	:ok	:read	[6 15 22 28 36 1 7 14 18 34 38 39 17 37 42 46 48 0 11 50 35 13 32 47 9 10 21 30 33 8 51 12 26 27 2 4 24 40 45 16 25 31 49 52 20 23 43 19 3 5 29 41 44]
2	:invoke	:read	nil
2	:ok	:read	[26 38 0 6 48 3 39 49 52 27 46 43 30 23 32 42 8 18 20 50 51 29 31 33 4 7 11 19 21 40 2 16 37 12 41 45 47 34 9 10 14 25 28 44 5 13 17 22 36 1 24 35 15]
3	:invoke	:read	nil
3	:ok	:read	[45 6 30 38 28 31 35 1 22 16 32 43 10 47 48 19 23 24 4 7 17 27 50 34 36 26 37 44 40 42 5 18 15 20 12 46 49 13 14 39 41 9 0 2 29 51 3 21 25 8 11 33 52]
4	:invoke	:read	nil
4	:ok	:read	[15 6 27 31 25 8 49 7 9 28 39 22 45 37 3 4 43 14 21 19 26 40 12 13 18 48 50 24 29 30 2 11 17 32 34 38 41 44 47 10 23 36 52 1 16 35 42 46 0 20 33 5 51]
0	:invoke	:broadcast	53
0	:ok	:broadcast	53
0	:invoke	:read	nil
0	:ok	:read	[10 21 40 41 52 5 7 35 2 15 17 29 38 44 46 4 13 25 36 50 12 49 51 3 11 20 24 19 22 14 30 42 43 9 6 18 31 34 37 33 0 8 16 28 47 48 1 23 45 53 27 39 26 32]
1	:invoke	:broadcast	54
1	:ok	:broadcast	54
2	:invoke	:broadcast	55
2	:ok	:broadcast	55
3	:invoke	:broadcast	56
3	:ok	:broadcast	56
4	:invoke	:read	nil
4	:ok	:read	[6 27 31 8 25 56 7 9 28 39 49 53 22 45 3 4 37 54 14 21 43 55 48 12 13 18 19 26 40 50 32 34 2 11 17 24 29 30 38 41 44 47 10 23 36 52 1 16 0 20 35 42 46 5 33 51 15]
0	:invoke	:read	nil
0	:ok	:read	[5 7 44 46 2 15 17 29 35 38 4 13 25 36 50 12 49 51 3 11 20 24 19 22 14 30 42 43 9 6 18 31 34 37 55 56 48 0 8 16 28 33 47 1 23 45 53 54 27 39 26 32 10 21 40 41 52]
0	:invoke	:read	nil
0	:ok	:read	[27 39 26 32 10 21 40 41 52 5 7 38 44 46 2 15 17 29 35 4 13 25 36 50 12 49 51 3 11 20 24 19 22 14 30 42 43 9 6 56 18 31 34 37 55 47 48 0 8 16 28 33 1 23 45 53 54]
1	:invoke	:broadcast	57
1	:ok	:broadcast	57
2	:invoke	:read	nil
2	:ok	:read	[4 7 11 19 21 40 57 2 16 37 55 12 41 45 47 54 34 9 10 14 25 28 44 5 13 17 22 36 1 24 35 56 15 26 38 0 6 48 3 39 49 52 27 46 43 30 23 53 42 32 18 20 50 51 8 31 33 29]
3	:invoke	:read	nil
3	:ok	:read	[3 21 25 8 11 33 52 6 30 38 45 53 28 31 35 1 22 55 16 32 43 10 47 48 4 7 17 19 23 24 27 50 34 36 26 37 44 5 18 40 42 57 15 20 12 46 49 13 14 39 41 9 54 0 2 29 51 56]
4	:invoke	:broadcast	58
4	:ok	:broadcast	58
0	:invoke	:broadcast	59
0	:ok	:broadcast	59
0	:invoke	:broadcast	60
0	:ok	:broadcast	60
1	:invoke	:broadcast	61
1	:ok	:broadcast	61
2	:invoke	:broadcast	62
2	:ok	:broadcast	62
3	:invoke	:broadcast	63
3	:ok	:broadcast	63
4	:invoke	:read	nil
4	:ok	:read	[58 6 27 31 8 25 56 39 49 53 57 60 7 9 28 22 45 54 3 4 37 55 14 21 43 19 26 40 48 59 12 13 18 50 24 29 30 32 34 2 11 17 38 63 41 44 47 52 62 10 23 36 1 16 42 46 61 0 20 35 5 33 51 15]
0	:invoke	:read	nil
0	:ok	:read	[40 41 52 10 21 5 7 17 29 35 38 44 46 2 15 25 36 50 59 60 61 4 13 51 12 49 20 24 3 11 63 19 22 42 43 14 30 9 58 6 57 34 37 55 56 18 31 16 28 33 47 48 0 8 45 53 54 1 23 27 39 62 26 32]
0	:invoke	:read	nil
0	:ok	:read	[47 48 0 8 16 28 33 1 23 45 53 54 27 39 26 32 62 10 21 40 41 52 5 7 38 44 46 2 15 17 29 35 59 60 61 4 13 25 36 50 12 49 51 3 11 20 24 19 22 63 14 30 42 43 9 58 6 57 56 18 31 34 37 55]
1	:invoke	:broadcast	64
1	:ok	:broadcast	64
2	:invoke	:read	nil
2	:ok	:read	[62 29 31 33 58 19 21 40 57 2 4 7 11 12 16 37 55 54 60 61 34 41 45 47 25 28 44 5 9 10 14 36 1 13 17 22 64 15 24 35 56 0 26 38 3 6 48 59 27 39 49 52 46 43 23 30 53 32 42 51 63 8 18 20 50]
3	:invoke	:broadcast	65
3	:ok	:broadcast	65
4	:invoke	:broadcast	66
4	:ok	:broadcast	66
0	:invoke	:read	nil
0	:ok	:read	[12 49 51 3 11 20 24 19 22 63 14 30 42 43 9 58 6 57 18 31 34 37 55 56 0 8 16 28 33 47 48 66 1 23 45 53 54 65 27 39 26 32 62 10 21 40 41 52 5 7 2 15 17 29 35 38 44 46 64 4 13 25 36 50 59 60 61]
0	:invoke	:read	nil
0	:ok	:read	[18 31 34 37 55 56 66 0 8 16 28 33 47 48 1 23 45 53 54 65 27 39 26 32 62 10 21 40 41 52 5 7 46 2 15 17 29 35 38 44 64 61 4 13 25 36 50 59 60 12 49 51 3 11 20 24 19 22 63 14 30 42 43 9 58 6 57]
1	:invoke	:broadcast	67
1	:ok	:broadcast	67
2	:invoke	:broadcast	68
2	:ok	:broadcast	68
3	:invoke	:broadcast	69
3	:ok	:broadcast	69
4	:invoke	:read	nil
4	:ok	:read	[14 21 43 55 40 48 59 12 13 18 19 26 50 30 32 34 2 11 17 24 29 38 63 64 67 41 44 47 66 10 23 36 52 62 1 16 68 61 0 20 35 42 46 5 33 51 15 6 27 31 58 8 25 56 53 57 60 7 9 28 39 49 65 22 45 69 3 4 37 54]
0	:invoke	:read	nil
0	:ok	:read	[22 63 19 30 42 43 14 58 9 57 6 31 34 37 55 56 68 18 8 16 28 33 47 48 66 0 23 45 53 54 65 1 39 27 32 62 67 26 21 40 41 52 10 7 5 15 17 29 35 38 44 46 2 64 13 25 36 50 59 60 61 4 49 51 69 12 11 20 24 3]
0	:invoke	:read	nil
0	:ok	:read	[6 57 56 68 18 31 34 37 55 47 48 66 0 8 16 28 33 65 1 23 45 53 54 27 39 26 32 62 67 10 21 40 41 52 5 7 38 44 46 2 15 17 29 35 64 59 60 61 4 13 25 36 50 12 49 51 69 3 11 20 24 19 22 63 14 30 42 43 9 58]
1	:invoke	:read	nil
1	:ok	:read	[3 5 29 41 44 6 15 22 28 36 57 1 7 14 55 18 34 38 39 62 17 37 42 46 48 56 60 61 0 11 50 63 35 58 13 32 47 9 10 21 30 33 8 51 53 64 65 12 26 27 66 2 4 24 40 45 59 67 69 16 25 31 49 52 54 20 23 43 19 68]
2	:invoke	:read	nil
2	:ok	:read	[32 42 65 50 51 63 66 8 18 20 58 62 29 31 33 11 19 21 40 57 2 4 7 55 68 12 16 37 47 54 60 61 34 41 45 14 25 28 44 67 5 9 10 69 22 36 1 13 17 56 64 15 24 35 0 26 38 59 3 6 48 52 27 39 49 46 43 23 30 53]
3	:invoke	:broadcast	70
3	:ok	:broadcast	70
4	:invoke	:broadcast	71
4	:ok	:broadcast	71
0	:invoke	:read	nil
0	:ok	:read	[24 3 11 20 19 22 63 43 14 30 42 9 58 6 57 37 55 56 68 18 31 34 28 33 47 48 66 0 8 16 53 54 65 1 23 45 27 39 67 26 32 62 41 52 10 21 40 5 7 29 35 38 44 46 2 15 17 64 36 50 59 60 61 4 13 25 70 69 71 12 49 51]
0	:invoke	:broadcast	72
0	:ok	:broadcast	72
1	:invoke	:read	nil
1	:ok	:read	[18 34 72 38 39 62 17 37 42 46 48 56 60 61 0 11 50 63 35 58 13 32 47 9 10 21 30 33 8 51 53 64 65 12 26 27 66 2 4 24 40 45 59 67 69 71 16 25 31 49 52 54 20 23 43 70 19 68 3 5 29 41 44 6 15 22 28 36 57 1 7 14 55]
2	:invoke	:read	nil
2	:ok	:read	[26 38 0 6 48 59 3 39 49 52 27 46 72 43 30 71 23 53 42 65 32 18 20 50 51 63 66 8 31 33 58 62 29 4 7 11 19 21 40 57 2 70 16 37 55 68 12 41 45 47 54 60 61 34 9 10 14 25 28 44 67 5 69 13 17 22 36 1 24 35 56 64 15]
3	:invoke	:read	nil
3	:ok	:read	[10 47 48 24 27 50 4 7 17 19 23 34 36 26 37 44 63 59 5 18 40 42 57 15 20 60 70 12 46 49 66 67 13 14 39 41 71 9 54 69 0 2 29 51 56 3 21 25 62 65 8 11 33 52 68 72 6 30 38 45 53 28 31 35 1 22 55 64 16 32 43 58 61]
4	:invoke	:broadcast	73
4	:ok	:broadcast	73
0	:invoke	:read	nil
0	:ok	:read	[46 2 15 17 29 35 38 44 64 61 4 13 25 36 50 59 60 70 12 49 51 69 71 3 11 20 24 19 22 63 14 30 42 43 9 58 6 57 72 18 31 34 37 55 56 68 66 0 8 16 28 33 47 48 1 23 45 53 54 65 27 39 26 32 62 67 73 10 21 40 41 52 5 7]
0	:invoke	:broadcast	74
0	:ok	:broadcast	74
1	:invoke	:broadcast	75
1	:ok	:broadcast	75
2	:invoke	:read	nil
2	:ok	:read	[72 43 30 71 23 53 42 65 32 18 20 50 51 63 66 8 31 33 58 62 74 29 4 7 11 19 21 40 57 2 70 16 37 55 68 12 41 45 47 54 60 61 75 34 9 10 14 25 28 44 67 5 69 13 17 22 36 1 24 35 56 64 15 26 38 0 6 48 59 3 39 49 52 27 73 46]
3	:invoke	:read	nil
3	:ok	:read	[1 22 55 61 64 16 32 43 58 10 47 48 23 24 27 50 4 7 17 19 75 34 36 26 37 44 63 57 59 73 5 18 40 42 15 20 60 74 67 70 12 46 49 66 71 13 14 39 41 9 54 56 69 0 2 29 51 65 3 21 25 62 68 8 11 33 52 53 72 6 30 38 45 28 31 35]
4	:invoke	:broadcast	76
4	:ok	:broadcast	76
0	:invoke	:read	nil
0	:ok	:read	[5 7 2 15 17 29 35 38 44 46 64 4 13 25 36 50 59 60 61 70 12 49 51 69 71 3 11 20 24 74 19 22 63 14 30 42 43 9 58 6 57 72 18 31 34 37 55 56 68 0 8 16 28 33 47 48 66 75 1 23 45 53 54 65 27 39 26 32 62 67 73 10 21 40 41 52 76]
0	:invoke	:broadcast	77
0	:ok	:broadcast	77
1	:invoke	:read	nil
1	:ok	:read	[55 1 7 14 18 34 72 38 39 62 46 48 56 60 61 17 37 42 63 75 0 11 50 35 58 13 32 47 30 33 76 9 10 21 64 65 8 51 53 66 12 26 27 40 45 59 67 69 2 4 24 71 49 52 54 16 25 31 70 20 23 43 19 68 41 44 73 3 5 29 28 36 57 74 77 6 15 22]
2	:invoke	:broadcast	78
2	:ok	:broadcast	78
3	:invoke	:broadcast	79
3	:ok	:broadcast	79
4	:invoke	:read	nil
4	:ok	:read	[26 40 48 59 12 13 18 19 71 73 50 29 30 32 34 2 11 17 24 38 63 64 67 72 41 44 47 66 62 74 77 10 23 36 52 1 16 68 76 46 61 70 0 20 35 42 5 33 51 78 15 6 27 31 58 8 25 56 79 49 53 57 60 7 9 28 39 65 75 22 45 69 3 4 37 54 14 21 43 55]
0	:invoke	:read	nil
0	:ok	:read	[48 66 0 8 16 28 33 47 75 1 23 45 53 54 65 27 39 26 32 62 67 73 10 21 40 41 52 76 78 5 7 44 46 2 15 17 29 35 38 64 79 60 61 4 13 25 36 50 59 70 77 12 49 51 69 71 3 11 20 24 74 19 22 63 14 30 42 43 9 58 6 57 72 68 18 31 34 37 55 56]
0	:invoke	:read	nil
0	:ok	:read	[58 9 57 72 6 31 34 37 55 56 68 18 8 16 28 33 47 48 66 0 75 23 45 53 54 65 1 39 27 32 62 67 73 26 21 40 41 52 76 10 78 7 5 15 17 29 35 38 44 46 2 79 64 13 25 36 50 59 60 61 4 77 70 49 51 69 71 12 11 20 24 74 3 22 63 19 30 42 43 14]
1	:invoke	:broadcast	80
1	:ok	:broadcast	80
2	:invoke	:broadcast	81
2	:ok	:broadcast	81
3	:invoke	:broadcast	82
3	:ok	:broadcast	82
4	:invoke	:read	nil
4	:ok	:read	[41 44 47 66 72 10 23 36 52 62 74 77 1 16 68 76 0 20 35 42 46 61 70 5 33 51 78 82 15 6 27 31 58 8 25 56 79 60 7 9 28 39 49 53 57 65 75 22 45 69 3 4 37 54 81 14 21 43 55 59 12 13 18 19 26 40 48 80 71 73 50 34 2 11 17 24 29 30 32 38 63 64 67]
0	:invoke	:read	nil
0	:ok	:read	[27 39 67 73 26 32 62 41 52 76 10 21 40 78 81 5 7 29 35 38 44 46 2 15 17 64 79 36 50 59 60 61 4 13 25 70 77 69 71 12 49 51 24 74 3 11 20 19 22 63 43 14 30 42 9 58 82 6 57 72 37 55 56 68 18 31 34 28 33 47 48 66 0 8 16 75 53 54 65 80 1 23 45]
0	:invoke	:read	nil
0	:ok	:read	[11 20 24 74 3 22 63 19 30 42 43 14 58 9 57 72 82 6 31 34 37 55 56 68 18 8 16 28 33 47 48 66 0 75 23 45 53 54 65 80 1 39 27 32 62 67 73 26 21 40 41 52 76 10 81 78 7 5 15 17 29 35 38 44 46 2 79 64 13 25 36 50 59 60 61 4 77 70 49 51 69 71 12]
1	:invoke	:read	nil
1	:ok	:read	[26 27 66 12 4 24 40 45 59 67 69 2 82 71 25 31 49 52 54 16 23 43 70 79 80 20 68 19 5 29 41 44 73 3 15 22 28 36 57 74 77 6 7 14 55 1 34 72 18 39 62 38 37 42 46 48 56 60 61 17 11 50 63 75 0 58 35 32 47 78 13 10 21 30 33 76 81 9 51 53 64 65 8]
2	:invoke	:read	nil
2	:ok	:read	[48 59 78 3 6 49 52 82 27 39 81 46 73 43 72 71 79 80 23 30 53 65 76 32 42 20 50 51 63 66 8 18 33 58 62 74 29 31 7 11 19 21 40 57 2 4 70 37 55 68 12 16 45 47 54 60 61 75 34 41 10 14 25 28 44 67 5 9 69 17 22 36 1 13 35 56 64 77 15 24 38 0 26]
3	:invoke	:read	nil
3	:ok	:read	[5 18 40 42 57 59 73 15 20 60 74 12 46 49 66 67 70 13 14 39 41 71 9 54 0 2 29 51 56 69 81 3 21 25 62 65 80 8 11 33 52 68 6 30 38 45 53 72 79 82 28 31 35 77 1 22 55 78 16 32 43 58 61 64 76 10 47 48 4 7 17 19 23 24 27 50 75 34 36 26 37 44 63]
4	:invoke	:broadcast	83
4	:ok	:broadcast	83
0	:invoke	:read	nil
0	:ok	:read	[5 7 2 15 17 29 35 38 44 46 64 79 83 4 13 25 36 50 59 60 61 70 77 12 49 51 69 71 3 11 20 24 74 19 22 63 14 30 42 43 9 58 6 57 72 82 18 31 34 37 55 56 68 0 8 16 28 33 47 48 66 75 1 23 45 53 54 65 80 27 39 26 32 62 67 73 10 21 40 41 52 76 78 81]
0	:invoke	:broadcast	84
0	:ok	:broadcast	84
1	:invoke	:read	nil
1	:ok	:read	[33 76 81 9 10 21 30 65 8 51 53 64 12 26 27 66 45 59 67 69 2 4 24 40 71 82 52 54 16 25 31 49 79 80 20 23 43 70 19 68 44 73 3 5 29 41 36 57 74 77 6 15 22 28 1 7 14 55 18 34 72 38 39 62 48 56 60 61 17 37 42 46 75 0 11 50 63 35 58 83 84 13 32 47 78]
2	:invoke	:read	nil
2	:ok	:read	[80 83 23 30 71 79 53 32 42 65 76 51 63 66 8 18 20 50 62 74 29 31 33 58 19 21 40 57 2 4 7 11 70 68 12 16 37 55 54 60 61 75 34 41 45 47 25 28 44 67 5 9 10 14 69 84 36 1 13 17 22 64 77 15 24 35 56 0 26 38 78 3 6 48 59 82 27 39 49 52 46 73 81 43 72]
3	:invoke	:read	nil
3	:ok	:read	[29 51 56 69 81 0 2 25 62 65 80 3 21 33 52 68 8 11 38 45 53 72 79 82 6 30 35 77 83 28 31 55 78 1 22 43 58 61 64 76 16 32 48 10 47 17 19 23 24 27 50 4 7 75 34 36 44 63 26 37 40 42 57 59 73 5 18 60 74 15 20 49 66 67 70 12 46 39 41 71 13 14 84 9 54]
4	:invoke	:broadcast	85
4	:ok	:broadcast	85
0	:invoke	:read	nil
0	:ok	:read	[3 11 20 24 74 19 22 63 14 30 42 43 9 58 6 57 72 82 18 31 34 37 55 56 68 66 0 8 16 28 33 47 48 75 1 23 45 53 54 65 80 27 39 26 32 62 67 73 85 10 21 40 41 52 76 78 81 5 7 84 46 2 15 17 29 35 38 44 64 79 83 61 4 13 25 36 50 59 60 70 77 12 49 51 69 71]
0	:invoke	:broadcast	86
0	:ok	:broadcast	86
1	:invoke	:broadcast	87
1	:ok	:broadcast	87
2	:invoke	:broadcast	88
2	:ok	:broadcast	88
3	:invoke	:broadcast	89
3	:ok	:broadcast	89
4	:invoke	:broadcast	90
4	:ok	:broadcast	90
0	:invoke	:read	nil
0	:ok	:read	[19 22 63 14 30 42 43 9 58 90 6 57 72 82 68 18 31 34 37 55 56 48 66 0 8 16 28 33 47 75 86 80 1 23 45 53 54 65 27 39 87 89 26 32 62 67 73 85 10 21 40 41 52 76 78 81 5 7 84 44 46 2 15 17 29 35 38 64 79 83 88 60 61 4 13 25 36 50 59 70 77 12 49 51 69 71 3 11 20 24 74]
0	:invoke	:broadcast	91
0	:ok	:broadcast	91
1	:invoke	:broadcast	92
1	:ok	:broadcast	92
2	:invoke	:read	nil
2	:ok	:read	[23 30 71 79 80 83 53 32 42 65 76 8 18 20 50 51 63 66 29 31 33 58 62 74 87 57 2 4 7 11 19 21 40 70 12 16 37 55 68 92 75 34 41 45 47 54 60 61 88 67 5 9 10 14 25 28 44 69 84 1 13 17 22 36 15 24 35 56 64 77 0 26 38 85 91 3 6 48 59 78 27 39 49 52 82 46 73 81 89 90 43 72 86]
3	:invoke	:read	nil
3	:ok	:read	[8 11 33 52 68 6 30 38 45 53 72 79 82 90 28 31 35 77 83 92 1 22 55 78 16 32 43 58 61 64 76 10 47 48 89 4 7 17 19 23 24 27 50 75 34 36 88 26 37 44 63 85 87 5 18 40 42 57 59 73 86 15 20 60 74 12 46 49 66 67 70 13 14 39 41 71 9 54 84 0 2 29 51 56 69 81 91 3 21 25 62 65 80]
4	:invoke	:broadcast	93
4	:ok	:broadcast	93
0	:invoke	:read	nil
0	:ok	:read	[14 30 42 43 9 58 90 6 57 72 82 92 93 68 18 31 34 37 55 56 48 66 0 8 16 28 33 47 75 86 80 1 23 45 53 54 65 27 39 87 89 26 32 62 67 73 85 91 10 21 40 41 52 76 78 81 5 7 84 44 46 2 15 17 29 35 38 64 79 83 88 60 61 4 13 25 36 50 59 70 77 12 49 51 69 71 3 11 20 24 74 19 22 63]
0	:invoke	:read	nil
0	:ok	:read	[72 82 92 93 6 57 34 37 55 56 68 18 31 16 28 33 47 48 66 0 8 75 86 45 53 54 65 80 1 23 27 39 62 67 73 85 87 89 26 32 40 41 52 76 91 10 21 78 81 84 5 7 17 29 35 38 44 46 2 15 83 88 64 79 25 36 50 59 60 61 4 13 70 77 51 69 71 12 49 20 24 74 3 11 63 19 22 42 43 14 30 90 9 58]
1	:invoke	:read	nil
1	:ok	:read	[19 68 44 73 3 5 29 41 36 57 74 77 6 15 22 28 1 7 14 55 18 34 72 38 39 62 93 48 56 60 61 17 37 42 46 86 87 75 0 11 50 63 35 58 83 90 84 89 13 32 47 78 33 76 81 9 10 21 30 65 88 8 51 53 64 85 12 26 27 66 45 59 67 69 2 4 24 40 71 82 52 54 92 16 25 31 49 79 80 91 20 23 43 70]
2	:invoke	:broadcast	94
2	:ok	:broadcast	94
3	:invoke	:broadcast	95
3	:ok	:broadcast	95
4	:invoke	:broadcast	96
4	:ok	:broadcast	96
0	:invoke	:broadcast	97
0	:ok	:broadcast	97
0	:invoke	:broadcast	98
0	:ok	:broadcast	98
1	:invoke	:broadcast	99
1	:ok	:broadcast	99
2	:invoke	:read	nil
2	:ok	:read	[27 39 49 52 82 96 97 46 73 81 89 90 43 72 86 95 23 30 71 79 80 83 53 32 42 65 76 98 8 18 20 50 51 63 66 29 31 33 58 62 74 87 57 2 4 7 11 19 21 40 70 12 16 37 55 68 92 94 75 34 41 45 47 54 60 61 88 67 5 9 10 14 25 28 44 69 84 1 13 17 22 36 93 99 15 24 35 56 64 77 0 26 38 85 91 3 6 48 59 78]
3	:invoke	:read	nil
3	:ok	:read	[10 47 48 89 23 24 27 50 4 7 17 19 75 93 98 34 36 88 85 87 26 37 44 63 57 59 73 86 5 18 40 42 97 94 15 20 60 74 67 70 96 12 46 49 66 71 99 13 14 39 41 9 54 84 95 56 69 81 91 0 2 29 51 65 80 3 21 25 62 68 8 11 33 52 53 72 79 82 6 30 38 45 90 83 92 28 31 35 77 1 22 55 78 61 64 76 16 32 43 58]
4	:invoke	:broadcast	100
4	:ok	:broadcast	100
0	:invoke	:broadcast	101
0	:ok	:broadcast	101
0	:invoke	:broadcast	102
0	:ok	:broadcast	102
1	:invoke	:broadcast	103
1	:ok	:broadcast	103
2	:invoke	:read	nil
2	:ok	:read	[57 2 4 7 11 19 21 40 70 102 12 16 37 55 68 92 94 75 34 41 45 47 54 60 61 88 67 5 9 10 14 25 28 44 69 84 1 13 17 22 36 93 99 15 24 35 56 64 77 0 26 38 85 91 3 6 48 59 78 27 39 49 52 82 96 97 46 73 81 89 90 100 43 72 86 95 23 30 71 79 80 83 101 53 32 42 65 76 98 103 8 18 20 50 51 63 66 29 31 33 58 62 74 87]
3	:invoke	:broadcast	104
3	:ok	:broadcast	104
4	:invoke	:read	nil
4	:ok	:read	[83 46 70 90 91 5 33 51 89 6 25 79 9 39 49 53 57 65 37 54 87 14 102 59 13 19 80 103 96 50 34 17 24 29 38 64 67 86 97 41 47 72 10 23 36 62 74 16 76 0 20 35 42 61 84 78 82 88 100 15 92 27 31 58 94 8 56 98 60 7 28 75 22 45 69 3 4 81 21 43 55 12 18 26 40 48 71 73 85 101 93 2 11 30 32 63 95 44 66 99 104 52 77 1 68]
0	:invoke	:read	nil
0	:ok	:read	[36 50 60 25 77 69 71 12 49 51 3 20 100 102 19 98 14 42 58 90 82 92 93 6 57 72 103 18 31 34 33 47 54 65 95 97 27 39 85 89 26 32 73 41 52 91 10 21 40 78 81 94 7 84 35 38 15 17 64 79 83 59 61 4 13 70 104 11 24 74 22 63 43 30 9 37 55 56 68 28 48 66 0 8 16 75 86 53 80 1 23 45 96 62 67 87 76 99 101 5 29 44 46 2 88]
0	:invoke	:broadcast	105
0	:ok	:broadcast	105
1	:invoke	:read	nil
1	:ok	:read	[13 89 9 21 76 51 53 64 65 85 67 69 2 4 24 45 92 96 25 31 49 52 97 91 94 23 79 99 19 68 29 41 44 77 6 15 28 57 7 55 34 38 39 46 56 0 50 63 58 90 95 32 47 78 84 81 10 30 33 8 88 12 26 27 66 104 40 59 71 82 100 16 54 20 43 70 80 103 3 5 73 74 22 36 102 1 14 105 18 72 62 93 101 86 87 17 37 42 48 60 61 11 75 35 83 98]
2	:invoke	:broadcast	106
2	:ok	:broadcast	106
3	:invoke	:read	nil
3	:ok	:read	[3 21 62 80 104 11 52 79 82 30 53 72 31 35 77 83 92 55 102 32 61 76 105 89 101 27 23 75 93 98 34 36 37 63 5 57 59 97 15 20 60 96 46 66 67 13 14 41 99 9 95 100 0 2 29 51 81 91 25 65 8 33 68 6 38 45 90 28 1 22 78 16 43 58 64 10 47 48 50 4 7 17 19 24 88 103 26 44 85 87 73 86 18 40 42 74 94 12 49 70 39 71 106 54 84 56 69]
4	:invoke	:broadcast	107
4	:ok	:broadcast	107
0	:invoke	:broadcast	108
0	:ok	:broadcast	108
0	:invoke	:read	nil
0	:ok	:read	[31 34 103 18 33 47 54 65 95 97 39 27 32 73 85 89 108 26 21 40 41 52 91 10 81 94 78 84 105 7 17 35 38 64 79 83 15 13 59 61 70 4 24 74 104 107 11 22 63 30 43 106 9 37 55 56 68 8 16 28 48 66 0 86 75 23 45 53 80 1 96 67 87 62 99 76 101 5 29 44 46 88 2 36 50 60 77 25 49 51 69 71 12 20 100 3 102 19 42 98 14 90 58 57 72 82 92 93 6]
1	:invoke	:read	nil
0	:invoke	:read	nil
3	:invoke	:read	nil
2	:invoke	:read	nil
4	:invoke	:read	nil
1	:ok	:read	[90 58 47 78 84 95 32 10 30 33 81 88 8 26 27 66 104 106 12 40 59 82 100 71 54 16 43 70 80 20 103 5 73 3 22 36 74 102 14 105 1 72 18 93 101 62 37 42 48 60 61 86 87 17 107 75 11 83 98 35 89 13 21 76 9 51 53 64 65 108 85 4 24 45 67 69 2 25 31 49 52 92 96 97 23 79 91 94 99 68 19 29 41 44 15 28 57 77 6 55 7 34 39 38 56 46 50 63 0]
0	:ok	:read	[15 17 35 38 64 79 83 4 13 59 61 70 11 24 74 104 107 22 63 30 43 9 106 37 55 56 68 0 8 16 28 48 66 75 86 1 23 45 53 80 96 62 67 87 76 99 101 5 2 29 44 46 88 25 36 50 60 77 12 49 51 69 71 3 20 100 19 102 14 42 98 58 90 6 57 72 82 92 93 18 31 34 103 33 47 54 65 95 97 27 39 26 32 73 85 89 108 10 21 40 41 52 91 78 81 94 7 84 105]
3	:ok	:read	[48 10 47 17 19 24 50 4 7 88 44 85 87 103 26 40 42 73 86 18 74 94 49 70 12 106 39 71 54 84 56 69 62 80 104 3 21 11 52 72 79 82 108 30 53 77 83 92 31 35 55 102 76 105 32 61 89 101 23 27 98 75 93 34 36 63 37 57 59 5 97 60 15 20 66 67 96 46 41 99 13 14 107 9 95 29 51 81 91 100 0 2 25 65 68 8 33 45 90 6 38 28 78 1 22 58 64 16 43]
2	:ok	:read	[95 72 30 53 104 106 107 65 76 98 18 50 63 62 74 87 108 29 31 58 57 92 94 102 12 16 68 54 60 61 75 34 45 88 14 25 28 44 67 5 10 84 36 93 99 1 13 56 64 77 24 35 85 91 0 26 38 78 52 82 96 27 39 89 90 73 43 86 80 83 101 23 71 79 105 32 42 66 103 8 20 51 33 11 19 21 40 70 2 4 7 37 55 47 41 9 69 22 17 15 59 3 6 48 97 49 100 46 81]
4	:ok	:read	[76 16 20 35 42 61 84 0 82 88 100 78 92 15 31 58 94 108 27 56 98 8 28 60 7 75 45 69 22 4 81 105 3 21 43 55 18 26 40 48 106 12 73 85 101 107 71 93 11 30 32 2 63 95 66 99 104 44 77 52 68 1 70 83 90 46 33 51 89 91 5 6 25 79 9 39 49 53 57 65 54 87 37 102 14 19 59 80 103 13 96 50 17 24 29 34 64 67 86 97 38 47 72 41 23 36 62 74 10]
