:nemesis	:info	:start-partition	:minority-third
1	:invoke	:read	nil
1	:ok	:read	[]
:nemesis	:info	:start-partition	[:isolated {"n1" #{"n2" "n4" "n0" "n3"}, "n2" #{"n1"}, "n4" #{"n1"}, "n0" #{"n1"}, "n3" #{"n1"}}]
2	:invoke	:read	nil
2	:ok	:read	[]
3	:invoke	:broadcast	0
3	:ok	:broadcast	0
4	:invoke	:broadcast	1
4	:ok	:broadcast	1
0	:invoke	:read	nil
0	:ok	:read	[0 0 0 1]
0	:invoke	:broadcast	2
0	:ok	:broadcast	2
1	:invoke	:broadcast	3
1	:ok	:broadcast	3
2	:invoke	:read	nil
2	:ok	:read	[0 0 0 2 0 1]
3	:invoke	:read	nil
4	:invoke	:read	nil
3	:ok	:read	[0 0 0 0 1 2]
4	:ok	:read	[0 0 0 1 2 0]
0	:invoke	:read	nil
0	:ok	:read	[0 0 0 0 1 2]
0	:invoke	:broadcast	4
0	:ok	:broadcast	4
1	:invoke	:broadcast	5
1	:ok	:broadcast	5
2	:invoke	:broadcast	6
3	:invoke	:read	nil
2	:ok	:broadcast	6
3	:ok	:read	[0 0 0 0 0 1 2 4]
4	:invoke	:read	nil
4	:ok	:read	[0 0 0 0 0 1 2 4 6 0]
0	:invoke	:read	nil
0	:ok	:read	[0 0 0 0 0 0 1 2 4 6]
0	:invoke	:read	nil
0	:ok	:read	[0 0 0 0 0 1 2 4 6 0]
1	:invoke	:broadcast	7
1	:ok	:broadcast	7
2	:invoke	:broadcast	8
2	:ok	:broadcast	8
3	:invoke	:broadcast	9
3	:ok	:broadcast	9
4	:invoke	:broadcast	10
4	:ok	:broadcast	10
0	:invoke	:read	nil
0	:ok	:read	[0 0 0 0 0 0 0 0 8 9 10 0 1 2 4 6]
0	:invoke	:broadcast	11
0	:ok	:broadcast	11
1	:invoke	:read	nil
1	:ok	:read	[0 0 0 3 5 7]
2	:invoke	:read	nil
2	:ok	:read	[0 0 0 0 0 0 0 0 0 4 8 0 2 6 9 10 11 1]
3	:invoke	:broadcast	12
3	:ok	:broadcast	12
4	:invoke	:broadcast	13
4	:ok	:broadcast	13
0	:invoke	:broadcast	14
0	:ok	:broadcast	14
0	:invoke	:read	nil
0	:ok	:read	[0 0 0 0 0 0 0 0 0 0 0 0 0 6 10 11 14 1 2 4 8 9 12 13]
1	:invoke	:broadcast	15
1	:ok	:broadcast	15
2	:invoke	:read	nil
2	:ok	:read	[0 0 0 0 0 0 0 0 0 0 0 0 0 4 8 11 12 13 1 2 6 9 10 14]
3	:invoke	:broadcast	16
3	:ok	:broadcast	16
4	:invoke	:read	nil
4	:ok	:read	[0 0 0 0 0 0 0 0 0 0 0 0 0 16 1 4 8 10 11 14 0 2 6 9 12 13]
0	:invoke	:read	nil
0	:ok	:read	[0 0 0 0 0 0 0 0 0 0 0 0 0 4 8 9 12 13 16 1 2 10 11 14 0 6]
0	:invoke	:read	nil
0	:ok	:read	[0 0 0 0 0 0 0 0 0 0 0 0 0 14 0 6 10 11 9 12 13 16 1 2 4 8]
1	:invoke	:broadcast	17
1	:ok	:broadcast	17
2	:invoke	:broadcast	18
2	:ok	:broadcast	18
3	:invoke	:read	nil
3	:ok	:read	[0 0 0 0 0 0 0 0 0 0 0 0 0 0 1 9 10 11 14 0 8 12 16 4 6 18 2 13]
4	:invoke	:read	nil
4	:ok	:read	[0 0 0 0 0 0 0 0 0 0 0 0 0 0 12 13 2 6 9 8 16 0 11 14 18 1 4 10]
0	:invoke	:read	nil
0	:ok	:read	[0 0 0 0 0 0 0 0 0 0 0 0 0 0 14 2 4 18 0 6 10 11 1 8 9 12 13 16]
0	:invoke	:broadcast	19
0	:ok	:broadcast	19
1	:invoke	:broadcast	20
1	:ok	:broadcast	20
2	:invoke	:read	nil
2	:ok	:read	[0 0 0 0 0 0 0 0 0 0 0 0 0 0 0 9 11 14 16 0 8 19 1 2 6 10 12 13 4 18]
3	:invoke	:read	nil
3	:ok	:read	[0 0 0 0 0 0 0 0 0 0 0 0 0 0 0 16 4 6 12 2 13 18 1 19 10 11 14 0 8 9]
4	:invoke	:broadcast	21
4	:ok	:broadcast	21
0	:invoke	:broadcast	22
0	:ok	:broadcast	22
0	:invoke	:broadcast	23
0	:ok	:broadcast	23
1	:invoke	:broadcast	24
1	:ok	:broadcast	24
2	:invoke	:broadcast	25
2	:ok	:broadcast	25
3	:invoke	:read	nil
3	:ok	:read	[0 0 0 0 0 0 0 0 0 0 0 0 0 0 0 0 0 0 0 12 16 4 6 18 21 25 2 13 22 1 19 9 10 11 14 23 0 8]
4	:invoke	:broadcast	26
4	:ok	:broadcast	26
0	:invoke	:read	nil
0	:ok	:read	[0 0 0 0 0 0 0 0 0 0 0 0 0 0 0 0 0 0 0 0 10 11 21 25 26 0 6 9 12 13 16 1 8 14 23 18 19 22 2 4]
0	:invoke	:read	nil
0	:ok	:read	[0 0 0 0 0 0 0 0 0 0 0 0 0 0 0 0 0 0 0 0 14 23 2 4 18 19 22 26 0 6 10 11 21 25 1 8 9 12 13 16]
1	:invoke	:broadcast	27
1	:ok	:broadcast	27
2	:invoke	:broadcast	28
2	:ok	:broadcast	28
3	:invoke	:read	nil
3	:ok	:read	[0 0 0 0 0 0 0 0 0 0 0 0 0 0 0 0 0 0 0 0 0 1 19 22 23 26 0 8 9 10 11 14 4 6 12 16 28 2 13 18 21 25]
4	:invoke	:broadcast	29
4	:ok	:broadcast	29
0	:invoke	:broadcast	30
0	:ok	:broadcast	30
0	:invoke	:broadcast	31
0	:ok	:broadcast	31
1	:invoke	:read	nil
1	:ok	:read	[0 0 0 0 0 0 0 0 7 15 17 20 24 27 3 5]
2	:invoke	:broadcast	32
2	:ok	:broadcast	32
3	:invoke	:broadcast	33
3	:ok	:broadcast	33
4	:invoke	:read	nil
4	:ok	:read	[0 0 0 0 0 0 0 0 0 0 0 0 0 0 0 0 0 0 0 0 0 0 0 0 0 0 1 4 10 11 14 18 28 30 2 6 9 12 13 23 26 8 16 21 25 31 0 19 22 29 32 33]
0	:invoke	:broadcast	34
0	:ok	:broadcast	34
0	:invoke	:read	nil
0	:ok	:read	[0 0 0 0 0 0 0 0 0 0 0 0 0 0 0 0 0 0 0 0 0 0 0 0 0 0 0 14 31 2 18 0 10 11 26 9 12 23 32 29 30 33 4 19 22 28 6 21 25 34 13 16 1 8]
1	:invoke	:read	nil
1	:ok	:read	[0 0 0 0 0 0 0 0 3 5 7 15 17 20 24 27]
2	:invoke	:read	nil
2	:ok	:read	[0 0 0 0 0 0 0 0 0 0 0 0 0 0 0 0 0 0 0 0 0 0 0 0 0 0 0 29 8 19 22 28 23 30 2 12 31 32 25 11 14 16 0 21 1 6 10 13 4 18 26 34 9 33]
3	:invoke	:broadcast	35
3	:ok	:broadcast	35
4	:invoke	:broadcast	36
4	:ok	:broadcast	36
0	:invoke	:read	nil
0	:ok	:read	[0 0 0 0 0 0 0 0 0 0 0 0 0 0 0 0 0 0 0 0 0 0 0 0 0 0 0 0 0 34 6 21 25 16 36 1 8 13 14 31 2 18 26 35 0 10 11 9 12 23 32 28 29 30 33 4 19 22]
0	:invoke	:read	nil
0	:ok	:read	[0 0 0 0 0 0 0 0 0 0 0 0 0 0 0 0 0 0 0 0 0 0 0 0 0 0 0 0 0 14 31 2 18 11 26 35 0 10 9 12 23 32 22 28 29 30 33 4 19 25 34 6 21 13 16 36 1 8]
1	:invoke	:broadcast	37
1	:ok	:broadcast	37
2	:invoke	:read	nil
2	:ok	:read	[0 0 0 0 0 0 0 0 0 0 0 0 0 0 0 0 0 0 0 0 0 0 0 0 0 0 0 0 0 16 36 11 14 0 21 10 13 1 6 26 34 4 18 9 33 22 28 29 35 8 19 23 30 31 32 2 12 25]
3	:invoke	:broadcast	38
3	:ok	:broadcast	38
4	:invoke	:read	nil
4	:ok	:read	[0 0 0 0 0 0 0 0 0 0 0 0 0 0 0 0 0 0 0 0 0 0 0 0 0 0 0 0 0 0 2 6 9 12 23 25 36 0 29 35 10 11 14 18 13 26 30 34 8 16 21 31 19 22 32 33 38 1 4 28]
0	:invoke	:read	nil
0	:ok	:read	[0 0 0 0 0 0 0 0 0 0 0 0 0 0 0 0 0 0 0 0 0 0 0 0 0 0 0 0 0 0 6 21 25 34 38 1 8 13 16 36 14 31 2 18 0 10 11 26 35 9 12 23 32 4 19 22 28 29 30 33]
0	:invoke	:broadcast	39
0	:ok	:broadcast	39
1	:invoke	:read	nil
1	:ok	:read	[0 0 0 0 0 0 0 0 0 3 5 7 17 27 37 15 20 24]
2	:invoke	:read	nil
2	:ok	:read	[0 0 0 0 0 0 0 0 0 0 0 0 0 0 0 0 0 0 0 0 0 0 0 0 0 0 0 0 0 0 0 0 21 1 6 10 13 4 18 26 34 9 33 39 29 35 8 19 22 28 31 32 38 2 12 23 30 25 11 14 16 36]
3	:invoke	:read	nil
3	:ok	:read	[0 0 0 0 0 0 0 0 0 0 0 0 0 0 0 0 0 0 0 0 0 0 0 0 0 0 0 0 0 0 0 39 12 16 30 32 34 38 13 21 29 33 36 19 22 35 0 8 9 11 26 31 4 6 28 2 18 25 1 10 14 23]
4	:invoke	:read	nil
4	:ok	:read	[0 0 0 0 0 0 0 0 0 0 0 0 0 0 0 0 0 0 0 0 0 0 0 0 0 0 0 0 0 0 0 12 23 2 6 9 25 36 0 29 35 18 10 11 14 34 13 26 30 31 8 16 21 33 38 19 22 32 39 1 4 28]
0	:invoke	:read	nil
0	:ok	:read	[0 0 0 0 0 0 0 0 0 0 0 0 0 0 0 0 0 0 0 0 0 0 0 0 0 0 0 0 0 0 0 9 12 23 32 39 4 19 22 28 29 30 33 6 21 25 34 38 1 8 13 16 36 14 31 2 18 0 10 11 26 35]
0	:invoke	:broadcast	40
0	:ok	:broadcast	40
1	:invoke	:broadcast	41
1	:ok	:broadcast	41
2	:invoke	:read	nil
2	:ok	:read	[0 0 0 0 0 0 0 0 0 0 0 0 0 0 0 0 0 0 0 0 0 0 0 0 0 0 0 0 0 0 0 0 2 12 23 30 31 32 38 25 40 11 14 16 36 0 21 1 6 10 13 4 18 26 34 9 33 39 8 19 22 28 29 35]
3	:invoke	:broadcast	42
3	:ok	:broadcast	42
4	:invoke	:read	nil
4	:ok	:read	[0 0 0 0 0 0 0 0 0 0 0 0 0 0 0 0 0 0 0 0 0 0 0 0 0 0 0 0 0 0 0 0 0 32 33 38 19 22 28 39 42 1 4 9 12 23 2 6 25 36 35 0 29 14 18 10 11 30 34 40 13 26 21 31 8 16]
0	:invoke	:broadcast	43
0	:ok	:broadcast	43
0	:invoke	:read	nil
0	:ok	:read	[0 0 0 0 0 0 0 0 0 0 0 0 0 0 0 0 0 0 0 0 0 0 0 0 0 0 0 0 0 0 0 0 0 0 2 18 11 26 35 0 10 40 9 12 23 32 22 28 29 30 33 39 4 19 25 34 38 6 21 13 16 36 1 8 42 43 14 31]
1	:invoke	:read	nil
1	:ok	:read	[0 0 0 0 0 0 0 0 0 0 41 15 20 24 17 27 37 3 5 7]
2	:invoke	:read	nil
2	:ok	:read	[0 0 0 0 0 0 0 0 0 0 0 0 0 0 0 0 0 0 0 0 0 0 0 0 0 0 0 0 0 0 0 0 0 0 6 10 13 1 18 26 34 43 4 33 39 9 19 22 28 29 35 8 12 23 30 31 32 38 2 40 25 14 16 36 42 11 21 0]
3	:invoke	:read	nil
3	:ok	:read	[0 0 0 0 0 0 0 0 0 0 0 0 0 0 0 0 0 0 0 0 0 0 0 0 0 0 0 0 0 0 0 0 0 0 43 4 6 28 2 18 25 1 10 14 23 32 34 38 39 12 16 30 33 36 13 21 29 42 19 22 35 11 26 31 40 0 8 9]
4	:invoke	:read	nil
4	:ok	:read	[0 0 0 0 0 0 0 0 0 0 0 0 0 0 0 0 0 0 0 0 0 0 0 0 0 0 0 0 0 0 0 0 0 0 10 11 14 18 13 26 30 34 40 8 16 21 31 19 22 32 33 38 1 4 28 39 42 43 2 6 9 12 23 25 36 0 29 35]
0	:invoke	:read	nil
0	:ok	:read	[0 0 0 0 0 0 0 0 0 0 0 0 0 0 0 0 0 0 0 0 0 0 0 0 0 0 0 0 0 0 0 0 0 0 18 2 10 11 26 35 0 12 40 9 32 23 19 22 28 29 30 33 39 4 21 25 34 38 6 8 13 16 36 1 31 42 43 14]
0	:invoke	:read	nil
0	:ok	:read	[0 0 0 0 0 0 0 0 0 0 0 0 0 0 0 0 0 0 0 0 0 0 0 0 0 0 0 0 0 0 0 0 0 0 35 0 10 11 26 9 12 40 23 32 29 30 33 39 4 19 22 28 38 6 21 25 34 36 1 8 13 16 14 31 42 43 2 18]
1	:invoke	:broadcast	44
1	:ok	:broadcast	44
2	:invoke	:read	nil
2	:ok	:read	[0 0 0 0 0 0 0 0 0 0 0 0 0 0 0 0 0 0 0 0 0 0 0 0 0 0 0 0 0 0 0 0 0 0 25 40 11 14 16 36 42 0 21 1 6 10 13 4 18 26 34 43 9 33 39 35 8 19 22 28 29 32 38 2 12 23 30 31]
3	:invoke	:broadcast	45
3	:ok	:broadcast	45
4	:invoke	:read	nil
4	:ok	:read	[0 0 0 0 0 0 0 0 0 0 0 0 0 0 0 0 0 0 0 0 0 0 0 0 0 0 0 0 0 0 0 0 0 0 0 34 40 13 26 30 31 8 16 21 33 38 19 22 32 39 42 1 4 28 12 23 43 2 6 9 25 36 0 29 35 18 45 10 11 14]
0	:invoke	:broadcast	46
0	:ok	:broadcast	46
0	:invoke	:broadcast	47
0	:ok	:broadcast	47
1	:invoke	:broadcast	48
1	:ok	:broadcast	48
2	:invoke	:broadcast	49
2	:ok	:broadcast	49
3	:invoke	:broadcast	50
3	:ok	:broadcast	50
4	:invoke	:broadcast	51
4	:ok	:broadcast	51
0	:invoke	:broadcast	52
0	:ok	:broadcast	52
0	:invoke	:read	nil
0	:ok	:read	[0 0 0 0 0 0 0 0 0 0 0 0 0 0 0 0 0 0 0 0 0 0 0 0 0 0 0 0 0 0 0 0 0 0 0 0 0 0 0 0 0 9 12 40 46 51 23 32 39 4 19 22 28 29 30 33 6 21 25 34 38 47 49 1 8 13 16 36 50 14 31 42 43 2 18 52 0 10 11 26 35 45]
1	:invoke	:read	nil
1	:ok	:read	[0 0 0 0 0 0 0 0 0 0 0 0 48 15 20 24 41 44 37 3 5 7 17 27]
2	:invoke	:broadcast	53
2	:ok	:broadcast	53
3	:invoke	:broadcast	54
3	:ok	:broadcast	54
4	:invoke	:broadcast	55
4	:ok	:broadcast	55
0	:invoke	:broadcast	56
0	:ok	:broadcast	56
0	:invoke	:read	nil
0	:ok	:read	[0 0 0 0 0 0 0 0 0 0 0 0 0 0 0 0 0 0 0 0 0 0 0 0 0 0 0 0 0 0 0 0 0 0 0 0 0 0 0 0 0 0 0 0 0 2 18 52 0 10 11 26 35 45 55 9 12 40 46 51 53 23 32 4 19 22 28 29 30 33 39 6 21 25 34 38 47 49 56 1 8 13 16 36 50 54 14 31 42 43]
1	:invoke	:read	nil
1	:ok	:read	[0 0 0 0 0 0 0 0 0 0 0 0 41 44 48 15 20 24 17 27 37 3 5 7]
2	:invoke	:broadcast	57
2	:ok	:broadcast	57
3	:invoke	:read	nil
3	:ok	:read	[0 0 0 0 0 0 0 0 0 0 0 0 0 0 0 0 0 0 0 0 0 0 0 0 0 0 0 0 0 0 0 0 0 0 0 0 0 0 0 0 0 0 0 0 0 0 0 8 9 11 26 31 40 4 6 28 43 52 57 2 18 25 1 49 56 10 14 23 46 53 55 45 12 16 30 32 34 38 39 47 51 54 13 21 29 33 36 50 19 22 35 42]
4	:invoke	:read	nil
4	:ok	:read	[0 0 0 0 0 0 0 0 0 0 0 0 0 0 0 0 0 0 0 0 0 0 0 0 0 0 0 0 0 0 0 0 0 0 0 0 0 0 0 0 0 0 0 0 0 0 2 6 9 12 23 43 46 54 56 25 36 57 0 29 35 51 10 11 14 18 45 13 26 30 34 40 50 52 8 16 21 31 47 53 55 19 22 32 33 38 1 4 28 39 42 49]
0	:invoke	:read	nil
0	:ok	:read	[0 0 0 0 0 0 0 0 0 0 0 0 0 0 0 0 0 0 0 0 0 0 0 0 0 0 0 0 0 0 0 0 0 0 0 0 0 0 0 0 0 0 0 0 0 0 47 49 56 6 21 25 34 38 50 54 1 8 13 16 36 14 31 42 43 2 18 52 45 55 0 10 11 26 35 53 57 9 12 40 46 51 23 32 30 33 39 4 19 22 28 29]
0	:invoke	:broadcast	58
0	:ok	:broadcast	58
1	:invoke	:broadcast	59
1	:ok	:broadcast	59
2	:invoke	:read	nil
2	:ok	:read	[0 0 0 0 0 0 0 0 0 0 0 0 0 0 0 0 0 0 0 0 0 0 0 0 0 0 0 0 0 0 0 0 0 0 0 0 0 0 0 0 0 0 0 0 0 0 0 25 40 46 51 11 14 16 36 42 45 0 21 56 1 6 10 13 4 18 26 34 43 50 54 57 9 33 39 8 19 22 28 29 35 47 2 12 23 30 31 32 38 49 52 53 55 58]
3	:invoke	:broadcast	60
3	:ok	:broadcast	60
4	:invoke	:read	nil
4	:ok	:read	[0 0 0 0 0 0 0 0 0 0 0 0 0 0 0 0 0 0 0 0 0 0 0 0 0 0 0 0 0 0 0 0 0 0 0 0 0 0 0 0 0 0 0 0 0 0 0 0 58 25 36 57 51 0 29 35 18 45 60 10 11 14 34 40 50 52 13 26 30 31 47 53 55 8 16 21 33 38 19 22 32 39 42 49 1 4 28 12 23 43 46 54 2 6 9 56]
0	:invoke	:broadcast	61
0	:ok	:broadcast	61
:nemesis	:info	:stop-partition	nil
:nemesis	:info	:stop-partition	:network-healed
1	:invoke	:broadcast	62
1	:ok	:broadcast	62
2	:invoke	:read	nil
2	:ok	:read	[0 0 0 0 0 0 0 0 0 0 0 0 0 0 0 0 0 0 0 0 0 0 0 0 0 0 0 0 0 0 0 0 0 0 0 0 0 0 0 0 0 0 0 0 0 0 0 0 0 0 26 34 43 50 54 57 4 18 39 9 33 22 28 29 35 47 60 8 19 23 30 31 32 38 49 2 12 55 58 52 53 46 51 25 40 16 36 42 45 61 11 14 56 0 21 10 13 62 1 6]
3	:invoke	:read	nil
3	:ok	:read	[0 0 0 0 0 0 0 0 0 0 0 0 0 0 0 0 0 0 0 0 0 0 0 0 0 0 0 0 0 0 0 0 0 0 0 0 0 0 0 0 0 0 0 0 0 0 0 0 0 0 0 8 9 11 26 31 40 60 4 6 28 43 52 57 61 2 18 25 1 49 56 58 10 14 23 46 53 55 12 16 30 32 34 38 39 45 47 51 54 13 21 29 33 36 50 19 22 35 42 62]
4	:invoke	:read	nil
4	:ok	:read	[0 0 0 0 0 0 0 0 0 0 0 0 0 0 0 0 0 0 0 0 0 0 0 0 0 0 0 0 0 0 0 0 0 0 0 0 0 0 0 0 0 0 0 0 0 0 0 0 0 0 18 45 60 10 11 14 34 40 50 52 13 26 30 31 47 53 55 8 16 21 33 38 19 22 32 39 42 49 61 1 4 28 12 23 43 46 54 2 6 9 56 58 25 36 57 51 62 0 29 35]
0	:invoke	:broadcast	63
0	:ok	:broadcast	63
0	:invoke	:broadcast	64
0	:ok	:broadcast	64
1	:invoke	:broadcast	65
1	:ok	:broadcast	65
2	:invoke	:broadcast	66
2	:ok	:broadcast	66
3	:invoke	:read	nil
3	:ok	:read	[0 0 0 0 0 0 0 0 0 0 0 0 0 0 0 0 0 0 0 0 0 0 0 0 0 0 0 0 0 0 0 0 0 0 0 0 0 0 0 0 0 0 0 0 0 0 0 0 0 0 0 0 0 0 38 45 34 54 63 66 13 21 33 50 64 35 42 62 8 26 31 40 60 6 52 57 61 2 18 25 49 10 14 46 53 39 12 16 30 32 47 51 29 36 19 22 65 0 9 11 4 28 43 1 56 58 55 23]
4	:invoke	:read	nil
4	:ok	:read	[0 0 0 0 0 0 0 0 0 0 0 0 0 0 0 0 0 0 0 0 0 0 0 0 0 0 0 0 0 0 0 0 0 0 0 0 0 0 0 0 0 0 0 0 0 0 0 0 0 0 0 0 0 0 14 13 30 34 65 53 55 8 16 21 31 22 4 28 49 66 23 43 54 2 6 9 12 25 36 63 0 35 51 45 60 10 11 18 26 40 50 52 47 38 64 19 32 33 1 39 42 61 46 56 57 58 62 29]
0	:invoke	:read	nil
0	:ok	:read	[0 0 0 0 0 0 0 0 0 0 0 0 0 0 0 0 0 0 0 0 0 0 0 0 0 0 0 0 0 0 0 0 0 0 0 0 0 0 0 0 0 0 0 0 0 0 0 0 0 0 0 0 0 0 0 10 55 60 9 12 40 53 4 19 29 33 62 6 21 34 47 13 16 50 63 65 14 31 42 18 52 61 11 26 35 45 46 51 57 66 23 32 58 22 28 30 39 25 38 49 56 1 8 36 54 64 43 2]
0	:invoke	:broadcast	67
0	:ok	:broadcast	67
1	:invoke	:read	nil
1	:ok	:read	[0 0 0 0 0 0 0 0 0 0 0 0 0 0 0 0 0 0 0 3 5 37 67 15 44 48 64 66 7 17 27 63 20 24 41 59 62 65]
2	:invoke	:broadcast	68
2	:ok	:broadcast	68
3	:invoke	:broadcast	69
3	:ok	:broadcast	69
4	:invoke	:read	nil
4	:ok	:read	[0 0 0 0 0 0 0 0 0 0 0 0 0 0 0 0 0 0 0 0 0 0 0 0 0 0 0 0 0 0 0 0 0 0 0 0 0 0 0 0 0 0 0 0 0 0 0 0 0 0 0 0 0 0 0 0 0 8 16 21 31 53 55 67 22 4 28 49 66 2 6 9 12 23 43 54 25 36 63 0 35 51 10 11 18 45 60 69 26 40 50 52 47 68 19 32 33 38 64 1 39 42 61 46 56 57 58 29 62 14 13 30 34 65]
0	:invoke	:broadcast	70
0	:ok	:broadcast	70
0	:invoke	:broadcast	71
0	:ok	:broadcast	71
1	:invoke	:read	nil
1	:ok	:read	[0 0 0 0 0 0 0 0 0 0 0 0 0 0 0 0 0 0 0 0 0 0 0 48 64 66 69 15 44 27 63 7 17 41 59 62 65 68 70 20 24 71 37 67 3 5]
2	:invoke	:read	nil
2	:ok	:read	[0 0 0 0 0 0 0 0 0 0 0 0 0 0 0 0 0 0 0 0 0 0 0 0 0 0 0 0 0 0 0 0 0 0 0 0 0 0 0 0 0 0 0 0 0 0 0 0 0 0 0 0 0 0 0 0 0 0 0 8 19 29 38 52 53 55 58 2 12 30 70 51 36 42 69 11 14 16 21 56 71 6 10 13 43 50 54 4 18 34 9 33 39 47 60 67 22 28 35 49 65 23 31 32 25 40 46 45 61 64 0 1 62 68 66 26 57 63]
3	:invoke	:read	nil
3	:ok	:read	[0 0 0 0 0 0 0 0 0 0 0 0 0 0 0 0 0 0 0 0 0 0 0 0 0 0 0 0 0 0 0 0 0 0 0 0 0 0 0 0 0 0 0 0 0 0 0 0 0 0 0 0 0 0 0 0 0 0 0 29 36 19 22 65 0 9 11 4 28 43 71 1 56 58 69 23 55 34 38 45 54 63 13 21 33 50 64 66 35 42 62 8 26 31 40 60 6 52 57 61 67 68 2 18 25 49 10 14 46 53 70 12 16 30 32 39 47 51]
4	:invoke	:read	nil
4	:ok	:read	[0 0 0 0 0 0 0 0 0 0 0 0 0 0 0 0 0 0 0 0 0 0 0 0 0 0 0 0 0 0 0 0 0 0 0 0 0 0 0 0 0 0 0 0 0 0 0 0 0 0 0 0 0 0 0 0 0 0 0 61 1 39 42 46 56 57 58 29 62 14 65 13 30 34 31 53 55 67 8 16 21 22 70 66 71 4 28 49 12 23 43 54 2 6 9 25 36 63 0 35 51 45 60 69 10 11 18 52 26 40 50 47 68 38 64 19 32 33]
0	:invoke	:broadcast	72
0	:ok	:broadcast	72
0	:invoke	:broadcast	73
0	:ok	:broadcast	73
1	:invoke	:broadcast	74
1	:ok	:broadcast	74
2	:invoke	:broadcast	75
2	:ok	:broadcast	75
3	:invoke	:broadcast	76
3	:ok	:broadcast	76
4	:invoke	:read	nil
4	:ok	:read	[0 0 0 0 0 0 0 0 0 0 0 0 0 0 0 0 0 0 0 0 0 0 0 0 0 0 0 0 0 0 0 0 0 0 0 0 0 0 0 0 0 0 0 0 0 0 0 0 0 0 0 0 0 0 0 0 0 0 0 0 0 0 0 0 70 22 28 49 66 71 4 6 9 12 23 43 54 2 36 63 25 35 51 0 11 18 45 60 69 10 40 50 52 72 75 26 68 47 32 33 38 64 73 19 39 42 61 76 1 56 46 58 57 62 29 14 30 34 65 74 13 16 21 31 53 55 67 8]
0	:invoke	:read	nil
0	:ok	:read	[0 0 0 0 0 0 0 0 0 0 0 0 0 0 0 0 0 0 0 0 0 0 0 0 0 0 0 0 0 0 0 0 0 0 0 0 0 0 0 0 0 0 0 0 0 0 0 0 0 0 0 0 0 0 0 0 0 0 0 0 0 0 0 0 4 19 29 33 62 67 75 6 21 34 47 74 13 16 50 63 65 14 31 42 18 52 61 11 26 35 45 46 51 57 66 70 23 32 58 69 22 28 30 39 68 25 38 49 56 1 8 36 54 64 43 71 73 2 0 10 55 60 9 12 40 53 72 76]
0	:invoke	:read	nil
0	:ok	:read	[0 0 0 0 0 0 0 0 0 0 0 0 0 0 0 0 0 0 0 0 0 0 0 0 0 0 0 0 0 0 0 0 0 0 0 0 0 0 0 0 0 0 0 0 0 0 0 0 0 0 0 0 0 0 0 0 0 0 0 0 0 0 0 0 21 34 47 74 6 16 50 63 65 13 31 42 14 52 61 18 26 35 45 11 51 57 66 70 46 32 58 69 23 28 30 39 68 22 38 49 56 25 8 36 54 64 1 71 73 43 2 10 55 60 0 12 40 53 72 76 9 19 29 33 62 67 75 4]
1	:invoke	:broadcast	77
1	:ok	:broadcast	77
2	:invoke	:read	nil
2	:ok	:read	[0 0 0 0 0 0 0 0 0 0 0 0 0 0 0 0 0 0 0 0 0 0 0 0 0 0 0 0 0 0 0 0 0 0 0 0 0 0 0 0 0 0 0 0 0 0 0 0 0 0 0 0 0 0 0 0 0 0 0 0 0 0 0 0 0 73 11 14 16 36 42 69 21 56 76 6 10 13 71 74 4 18 34 43 50 54 9 33 39 75 22 28 35 47 60 67 23 31 32 49 65 25 40 46 45 61 64 0 1 62 68 26 57 63 66 8 19 29 72 77 55 58 2 12 30 38 52 53 70 51]
3	:invoke	:read	nil
3	:ok	:read	[0 0 0 0 0 0 0 0 0 0 0 0 0 0 0 0 0 0 0 0 0 0 0 0 0 0 0 0 0 0 0 0 0 0 0 0 0 0 0 0 0 0 0 0 0 0 0 0 0 0 0 0 0 0 0 0 0 0 0 0 0 0 0 0 0 49 74 53 70 10 14 46 32 39 47 51 12 16 30 29 36 76 77 19 22 65 0 9 11 71 73 4 28 43 69 1 56 58 23 55 54 63 72 34 38 45 50 64 66 13 21 33 75 35 42 62 40 60 8 26 31 61 67 68 6 52 57 2 18 25]
4	:invoke	:broadcast	78
4	:ok	:broadcast	78
0	:invoke	:read	nil
0	:ok	:read	[0 0 0 0 0 0 0 0 0 0 0 0 0 0 0 0 0 0 0 0 0 0 0 0 0 0 0 0 0 0 0 0 0 0 0 0 0 0 0 0 0 0 0 0 0 0 0 0 0 0 0 0 0 0 0 0 0 0 0 0 0 0 0 0 0 0 77 0 10 55 60 72 76 9 12 40 53 62 67 75 4 19 29 33 74 6 21 34 47 65 13 16 50 63 14 31 42 18 52 61 11 26 35 45 70 46 51 57 66 23 32 58 69 68 78 22 28 30 39 25 38 49 56 64 1 8 36 54 43 71 73 2]
0	:invoke	:read	nil
0	:ok	:read	[0 0 0 0 0 0 0 0 0 0 0 0 0 0 0 0 0 0 0 0 0 0 0 0 0 0 0 0 0 0 0 0 0 0 0 0 0 0 0 0 0 0 0 0 0 0 0 0 0 0 0 0 0 0 0 0 0 0 0 0 0 0 0 0 0 0 30 39 68 78 22 28 49 56 25 38 36 54 64 1 8 73 43 71 2 55 60 77 0 10 40 53 72 76 9 12 29 33 62 67 75 4 19 34 47 74 6 21 50 63 65 13 16 42 14 31 61 18 52 35 45 11 26 57 66 70 46 51 58 69 23 32]
1	:invoke	:broadcast	79
1	:ok	:broadcast	79
2	:invoke	:read	nil
2	:ok	:read	[0 0 0 0 0 0 0 0 0 0 0 0 0 0 0 0 0 0 0 0 0 0 0 0 0 0 0 0 0 0 0 0 0 0 0 0 0 0 0 0 0 0 0 0 0 0 0 0 0 0 0 0 0 0 0 0 0 0 0 0 0 0 0 0 0 0 0 21 56 76 6 10 13 71 74 4 18 34 43 50 54 9 33 39 22 28 35 47 60 67 75 23 31 32 49 65 78 25 40 46 45 61 64 0 1 62 68 79 26 57 63 66 8 19 29 72 77 58 2 12 30 38 52 53 55 70 51 11 14 16 36 42 69 73]
3	:invoke	:read	nil
3	:ok	:read	[0 0 0 0 0 0 0 0 0 0 0 0 0 0 0 0 0 0 0 0 0 0 0 0 0 0 0 0 0 0 0 0 0 0 0 0 0 0 0 0 0 0 0 0 0 0 0 0 0 0 0 0 0 0 0 0 0 0 0 0 0 0 0 0 0 0 0 2 18 25 49 74 10 14 46 53 70 47 51 12 16 30 32 39 29 36 19 22 65 76 77 0 9 11 4 28 43 71 73 1 56 58 69 23 55 79 72 34 38 45 54 63 66 13 21 33 50 64 35 42 62 75 8 26 31 40 60 68 78 6 52 57 61 67]
4	:invoke	:broadcast	80
4	:ok	:broadcast	80
0	:invoke	:broadcast	81
0	:ok	:broadcast	81
0	:invoke	:broadcast	82
0	:ok	:broadcast	82
1	:invoke	:broadcast	83
1	:ok	:broadcast	83
2	:invoke	:read	nil
2	:ok	:read	[0 0 0 0 0 0 0 0 0 0 0 0 0 0 0 0 0 0 0 0 0 0 0 0 0 0 0 0 0 0 0 0 0 0 0 0 0 0 0 0 0 0 0 0 0 0 0 0 0 0 0 0 0 0 0 0 0 0 0 0 0 0 0 0 0 0 0 0 0 0 0 9 33 39 82 22 28 35 47 60 67 75 80 23 31 32 49 65 78 25 40 46 45 61 64 81 0 1 62 68 79 26 57 63 66 8 19 29 72 77 2 12 30 38 52 53 55 58 70 51 11 14 16 36 42 69 73 21 56 76 6 10 13 71 74 83 4 18 34 43 50 54]
3	:invoke	:read	nil
3	:ok	:read	[0 0 0 0 0 0 0 0 0 0 0 0 0 0 0 0 0 0 0 0 0 0 0 0 0 0 0 0 0 0 0 0 0 0 0 0 0 0 0 0 0 0 0 0 0 0 0 0 0 0 0 0 0 0 0 0 0 0 0 0 0 0 0 0 0 0 0 0 0 0 0 35 42 62 75 8 26 31 40 60 81 82 6 52 57 61 67 68 78 2 18 25 49 74 10 14 46 53 70 12 16 30 32 39 47 51 29 36 19 22 65 76 77 0 9 11 4 28 43 71 73 1 56 58 69 23 55 79 80 34 38 45 54 63 72 83 13 21 33 50 64 66]
4	:invoke	:read	nil
4	:ok	:read	[0 0 0 0 0 0 0 0 0 0 0 0 0 0 0 0 0 0 0 0 0 0 0 0 0 0 0 0 0 0 0 0 0 0 0 0 0 0 0 0 0 0 0 0 0 0 0 0 0 0 0 0 0 0 0 0 0 0 0 0 0 0 0 0 0 0 0 0 0 0 0 29 62 14 81 13 30 34 65 74 80 79 8 16 21 31 53 55 67 82 22 70 78 4 28 49 66 71 77 2 6 9 12 23 43 54 25 36 63 0 35 51 10 11 18 45 60 69 26 40 50 52 72 75 47 68 19 32 33 38 64 73 1 39 42 61 76 83 46 56 57 58]
0	:invoke	:broadcast	84
0	:ok	:broadcast	84
0	:invoke	:broadcast	85
0	:ok	:broadcast	85
1	:invoke	:read	nil
1	:ok	:read	[0 0 0 0 0 0 0 0 0 0 0 0 0 0 0 0 0 0 0 0 0 0 0 0 0 0 0 0 0 0 0 0 0 0 0 0 0 66 81 84 15 44 48 78 63 74 75 82 24 59 68 3 5 80 64 69 79 73 76 83 85 7 17 27 65 70 71 77 20 41 62 37 67 72]
2	:invoke	:broadcast	86
2	:ok	:broadcast	86
3	:invoke	:read	nil
3	:ok	:read	[0 0 0 0 0 0 0 0 0 0 0 0 0 0 0 0 0 0 0 0 0 0 0 0 0 0 0 0 0 0 0 0 0 0 0 0 0 0 0 0 0 0 0 0 0 0 0 0 0 0 0 0 0 0 0 0 0 0 0 0 0 0 0 0 0 0 0 0 0 0 0 0 0 0 85 10 14 46 53 70 47 51 12 16 30 32 39 29 36 19 22 65 76 77 0 9 11 86 4 28 43 71 73 1 56 58 69 23 55 79 80 72 83 34 38 45 54 63 66 84 13 21 33 50 64 35 42 62 75 81 82 8 26 31 40 60 68 78 6 52 57 61 67 2 18 25 49 74]
4	:invoke	:broadcast	87
4	:ok	:broadcast	87
0	:invoke	:broadcast	88
0	:ok	:broadcast	88
0	:invoke	:broadcast	89
0	:ok	:broadcast	89
1	:invoke	:read	nil
1	:ok	:read	[0 0 0 0 0 0 0 0 0 0 0 0 0 0 0 0 0 0 0 0 0 0 0 0 0 0 0 0 0 0 0 0 0 0 0 0 0 0 0 0 0 37 67 72 88 81 84 86 15 44 48 66 63 74 75 78 24 59 68 82 3 5 80 64 69 79 87 76 83 85 89 7 17 27 73 70 71 77 20 41 62 65]
2	:invoke	:broadcast	90
2	:ok	:broadcast	90
3	:invoke	:read	nil
3	:ok	:read	[0 0 0 0 0 0 0 0 0 0 0 0 0 0 0 0 0 0 0 0 0 0 0 0 0 0 0 0 0 0 0 0 0 0 0 0 0 0 0 0 0 0 0 0 0 0 0 0 0 0 0 0 0 0 0 0 0 0 0 0 0 0 0 0 0 0 0 0 0 0 0 0 0 0 0 0 0 0 35 42 62 75 89 8 26 31 40 60 81 82 6 52 57 61 67 68 78 2 18 25 49 74 87 10 14 46 53 70 85 12 16 30 32 39 47 51 88 29 36 19 22 65 76 77 0 9 11 86 4 28 43 71 73 90 1 56 58 69 23 55 79 80 34 38 45 54 63 72 83 13 21 33 50 64 66 84]
4	:invoke	:read	nil
4	:ok	:read	[0 0 0 0 0 0 0 0 0 0 0 0 0 0 0 0 0 0 0 0 0 0 0 0 0 0 0 0 0 0 0 0 0 0 0 0 0 0 0 0 0 0 0 0 0 0 0 0 0 0 0 0 0 0 0 0 0 0 0 0 0 0 0 0 0 0 0 0 0 0 0 0 0 0 0 0 0 0 14 81 74 80 13 30 34 65 53 55 67 79 8 16 21 31 82 22 70 78 71 77 90 4 28 49 66 23 43 54 88 2 6 9 12 25 36 63 85 0 35 51 89 60 69 10 11 18 45 72 75 86 26 40 50 52 47 68 84 64 73 87 19 32 33 38 76 83 1 39 42 61 46 56 57 58 29 62]
0	:invoke	:read	nil
0	:ok	:read	[0 0 0 0 0 0 0 0 0 0 0 0 0 0 0 0 0 0 0 0 0 0 0 0 0 0 0 0 0 0 0 0 0 0 0 0 0 0 0 0 0 0 0 0 0 0 0 0 0 0 0 0 0 0 0 0 0 0 0 0 0 0 0 0 0 0 0 0 0 0 0 0 0 0 0 0 0 0 26 35 45 90 11 51 57 66 70 46 32 58 69 87 23 28 30 39 68 78 82 83 22 86 38 49 56 25 8 36 54 64 79 88 1 71 73 43 2 10 55 60 77 0 12 40 53 72 76 80 81 9 84 19 29 33 62 67 75 4 21 34 47 74 6 16 50 63 65 13 31 42 14 52 61 85 89 18]
0	:invoke	:broadcast	91
0	:ok	:broadcast	91
1	:invoke	:broadcast	92
1	:ok	:broadcast	92
2	:invoke	:read	nil
2	:ok	:read	[0 0 0 0 0 0 0 0 0 0 0 0 0 0 0 0 0 0 0 0 0 0 0 0 0 0 0 0 0 0 0 0 0 0 0 0 0 0 0 0 0 0 0 0 0 0 0 0 0 0 0 0 0 0 0 0 0 0 0 0 0 0 0 0 0 0 0 0 0 0 0 0 0 0 0 0 0 0 0 0 26 57 63 66 87 91 8 19 29 72 77 58 2 12 30 38 52 53 55 70 51 88 11 14 16 36 42 69 73 21 56 76 84 6 10 13 71 74 83 4 18 34 43 50 54 90 9 33 39 82 92 80 22 28 35 47 60 67 75 23 31 32 49 65 78 85 25 40 46 45 61 64 81 0 86 1 62 68 79 89]
3	:invoke	:broadcast	93
3	:ok	:broadcast	93
4	:invoke	:broadcast	94
4	:ok	:broadcast	94
0	:invoke	:broadcast	95
0	:ok	:broadcast	95
0	:invoke	:read	nil
0	:ok	:read	[0 0 0 0 0 0 0 0 0 0 0 0 0 0 0 0 0 0 0 0 0 0 0 0 0 0 0 0 0 0 0 0 0 0 0 0 0 0 0 0 0 0 0 0 0 0 0 0 0 0 0 0 0 0 0 0 0 0 0 0 0 0 0 0 0 0 0 0 0 0 0 0 0 0 0 0 0 0 0 0 0 0 0 75 4 19 29 33 62 67 6 21 34 47 74 93 13 16 50 63 65 14 31 42 95 18 52 61 85 89 94 11 26 35 45 90 92 46 51 57 66 70 23 32 58 69 87 82 83 22 28 30 39 68 78 86 25 38 49 56 88 1 8 36 54 64 79 43 71 73 2 0 10 55 60 77 91 80 81 9 12 40 53 72 76 84]
1	:invoke	:read	nil
1	:ok	:read	[0 0 0 0 0 0 0 0 0 0 0 0 0 0 0 0 0 0 0 0 0 0 0 0 0 0 0 0 0 0 0 0 0 0 0 0 0 0 0 0 0 0 0 0 0 0 0 89 7 17 27 73 76 83 85 93 91 20 41 62 65 70 71 77 92 94 95 37 67 72 88 15 44 48 66 81 84 86 63 74 75 78 24 59 68 82 90 3 5 80 64 69 79 87]
2	:invoke	:read	nil
2	:ok	:read	[0 0 0 0 0 0 0 0 0 0 0 0 0 0 0 0 0 0 0 0 0 0 0 0 0 0 0 0 0 0 0 0 0 0 0 0 0 0 0 0 0 0 0 0 0 0 0 0 0 0 0 0 0 0 0 0 0 0 0 0 0 0 0 0 0 0 0 0 0 0 0 0 0 0 0 0 0 0 0 0 0 0 0 80 22 28 35 47 60 67 75 23 31 32 49 65 78 85 25 40 46 95 45 61 64 81 0 86 1 62 68 79 89 26 57 63 66 87 91 8 19 29 72 77 58 2 12 30 38 52 53 55 70 51 88 11 14 16 36 42 69 73 21 56 76 84 94 6 10 13 71 74 83 93 4 18 34 43 50 54 90 9 33 39 82 92]
3	:invoke	:read	nil
3	:ok	:read	[0 0 0 0 0 0 0 0 0 0 0 0 0 0 0 0 0 0 0 0 0 0 0 0 0 0 0 0 0 0 0 0 0 0 0 0 0 0 0 0 0 0 0 0 0 0 0 0 0 0 0 0 0 0 0 0 0 0 0 0 0 0 0 0 0 0 0 0 0 0 0 0 0 0 0 0 0 0 0 0 0 0 0 6 52 57 61 67 68 78 2 18 25 49 74 87 92 10 14 46 53 70 85 12 16 30 32 39 47 51 88 93 29 36 19 22 65 76 77 91 0 9 11 86 4 28 43 71 73 90 1 56 58 69 23 55 79 80 34 38 45 54 63 72 83 95 13 21 33 50 64 66 84 35 42 62 75 89 94 8 26 31 40 60 81 82]
4	:invoke	:broadcast	96
4	:ok	:broadcast	96
0	:invoke	:broadcast	97
0	:ok	:broadcast	97
0	:invoke	:broadcast	98
0	:ok	:broadcast	98
1	:invoke	:broadcast	99
1	:ok	:broadcast	99
2	:invoke	:read	nil
2	:ok	:read	[0 0 0 0 0 0 0 0 0 0 0 0 0 0 0 0 0 0 0 0 0 0 0 0 0 0 0 0 0 0 0 0 0 0 0 0 0 0 0 0 0 0 0 0 0 0 0 0 0 0 0 0 0 0 0 0 0 0 0 0 0 0 0 0 0 0 0 0 0 0 0 0 0 0 0 0 0 0 0 0 0 0 0 0 0 0 0 50 54 90 4 18 34 43 92 99 9 33 39 82 60 67 75 80 22 28 35 47 96 65 78 85 23 31 32 49 25 40 46 95 45 61 64 81 0 86 89 1 62 68 79 26 57 63 66 87 91 77 98 8 19 29 72 52 53 55 58 2 12 30 38 70 51 42 69 73 88 11 14 16 36 97 21 56 76 84 74 83 93 94 6 10 13 71]
3	:invoke	:read	nil
3	:ok	:read	[0 0 0 0 0 0 0 0 0 0 0 0 0 0 0 0 0 0 0 0 0 0 0 0 0 0 0 0 0 0 0 0 0 0 0 0 0 0 0 0 0 0 0 0 0 0 0 0 0 0 0 0 0 0 0 0 0 0 0 0 0 0 0 0 0 0 0 0 0 0 0 0 0 0 0 0 0 0 0 0 0 0 0 0 0 0 0 29 36 99 77 91 19 22 65 76 0 9 11 86 73 90 4 28 43 71 1 56 58 69 23 55 79 80 63 72 83 95 34 38 45 54 64 66 84 13 21 33 50 89 94 98 35 42 62 75 60 81 82 8 26 31 40 67 68 78 6 52 57 61 2 18 25 97 49 74 87 92 70 85 10 14 46 53 39 47 51 88 12 16 30 32 93 96]
4	:invoke	:broadcast	100
4	:ok	:broadcast	100
0	:invoke	:broadcast	101
0	:ok	:broadcast	101
0	:invoke	:read	nil
0	:ok	:read	[0 0 0 0 0 0 0 0 0 0 0 0 0 0 0 0 0 0 0 0 0 0 0 0 0 0 0 0 0 0 0 0 0 0 0 0 0 0 0 0 0 0 0 0 0 0 0 0 0 0 0 0 0 0 0 0 0 0 0 0 0 0 0 0 0 0 0 0 0 0 0 0 0 0 0 0 0 0 0 0 0 0 0 0 0 0 0 0 0 52 61 85 89 18 26 35 45 90 92 94 11 51 57 66 70 46 32 58 69 87 23 28 30 39 68 78 82 83 22 86 38 49 56 97 25 8 36 54 64 79 88 1 71 73 43 2 10 55 60 77 91 0 12 40 53 72 76 80 81 9 98 84 100 19 29 33 62 67 75 4 21 34 47 74 93 6 16 50 63 65 99 101 13 31 42 95 96 14]
1	:invoke	:read	nil
1	:ok	:read	[0 0 0 0 0 0 0 0 0 0 0 0 0 0 0 0 0 0 0 0 0 0 0 0 0 0 0 0 0 0 0 0 0 0 0 0 0 0 0 0 0 0 0 0 0 0 0 0 0 0 0 0 0 65 91 92 41 62 72 88 67 81 84 48 66 75 78 63 68 90 98 80 97 5 99 100 27 83 17 93 71 77 94 95 20 70 37 86 101 15 44 74 82 24 59 3 79 87 64 69 73 76 85 89 7 96]
2	:invoke	:read	nil
2	:ok	:read	[0 0 0 0 0 0 0 0 0 0 0 0 0 0 0 0 0 0 0 0 0 0 0 0 0 0 0 0 0 0 0 0 0 0 0 0 0 0 0 0 0 0 0 0 0 0 0 0 0 0 0 0 0 0 0 0 0 0 0 0 0 0 0 0 0 0 0 0 0 0 0 0 0 0 0 0 0 0 0 0 0 0 0 0 0 0 0 0 0 22 28 35 47 60 67 75 80 96 23 31 32 49 65 78 85 25 40 46 95 45 61 64 81 0 86 100 1 62 68 79 89 26 57 63 66 101 87 91 8 19 29 72 77 98 2 12 30 38 52 53 55 58 70 51 11 14 16 36 42 69 73 88 97 21 56 76 84 6 10 13 71 74 83 93 94 4 18 34 43 50 54 90 9 33 39 82 92 99]
3	:invoke	:read	nil
3	:ok	:read	[0 0 0 0 0 0 0 0 0 0 0 0 0 0 0 0 0 0 0 0 0 0 0 0 0 0 0 0 0 0 0 0 0 0 0 0 0 0 0 0 0 0 0 0 0 0 0 0 0 0 0 0 0 0 0 0 0 0 0 0 0 0 0 0 0 0 0 0 0 0 0 0 0 0 0 0 0 0 0 0 0 0 0 0 0 0 0 0 0 1 56 58 69 23 55 79 80 83 95 34 38 45 54 63 72 84 101 13 21 33 50 64 66 98 35 42 62 75 89 94 82 8 26 31 40 60 81 78 6 52 57 61 67 68 2 18 25 100 49 74 87 92 97 10 14 46 53 70 85 51 88 12 16 30 32 39 47 93 96 29 36 99 19 22 65 76 77 91 0 9 11 86 4 28 43 71 73 90]
4	:invoke	:read	nil
4	:ok	:read	[0 0 0 0 0 0 0 0 0 0 0 0 0 0 0 0 0 0 0 0 0 0 0 0 0 0 0 0 0 0 0 0 0 0 0 0 0 0 0 0 0 0 0 0 0 0 0 0 0 0 0 0 0 0 0 0 0 0 0 0 0 0 0 0 0 0 0 0 0 0 0 0 0 0 0 0 0 0 0 0 0 0 0 0 0 0 0 0 0 69 91 10 11 18 45 60 75 86 26 40 50 52 72 47 68 84 73 87 100 19 32 33 38 64 101 83 1 39 42 61 76 46 56 93 98 57 58 29 62 92 14 81 95 80 13 30 34 65 74 55 67 79 8 16 21 31 53 82 22 70 78 99 77 90 96 4 28 49 66 71 43 54 88 2 6 9 12 23 97 25 36 63 85 0 35 51 89 94]
0	:invoke	:read	nil
0	:ok	:read	[0 0 0 0 0 0 0 0 0 0 0 0 0 0 0 0 0 0 0 0 0 0 0 0 0 0 0 0 0 0 0 0 0 0 0 0 0 0 0 0 0 0 0 0 0 0 0 0 0 0 0 0 0 0 0 0 0 0 0 0 0 0 0 0 0 0 0 0 0 0 0 0 0 0 0 0 0 0 0 0 0 0 0 0 0 0 0 0 0 95 96 14 31 42 85 89 18 52 61 45 90 92 94 11 26 35 66 70 46 51 57 69 87 23 32 58 39 68 78 82 83 22 28 30 86 56 97 25 38 49 54 64 79 88 1 8 36 43 71 73 2 60 77 91 0 10 55 53 72 76 80 81 9 12 40 84 98 100 33 62 67 75 4 19 29 47 74 93 6 21 34 63 65 99 101 13 16 50]
0	:invoke	:broadcast	102
0	:ok	:broadcast	102
1	:invoke	:broadcast	103
1	:ok	:broadcast	103
:nemesis	:info	:stop-partition	nil
:nemesis	:info	:stop-partition	:network-healed
0	:invoke	:read	nil
4	:invoke	:read	nil
3	:invoke	:read	nil
1	:invoke	:read	nil
2	:invoke	:read	nil
1	:ok	:read	[0 0 0 0 0 0 0 0 0 0 0 0 0 0 0 0 0 0 0 0 0 0 0 0 0 0 0 0 0 0 0 0 0 0 0 0 0 0 0 0 0 0 0 0 0 0 0 0 0 0 0 0 0 0 0 74 24 59 82 3 64 69 79 87 102 85 89 7 73 76 96 41 62 65 91 92 67 72 88 48 66 81 84 63 75 78 98 68 90 5 80 97 99 100 83 17 27 93 95 20 70 71 77 94 37 103 15 44 86 101]
3	:ok	:read	[0 0 0 0 0 0 0 0 0 0 0 0 0 0 0 0 0 0 0 0 0 0 0 0 0 0 0 0 0 0 0 0 0 0 0 0 0 0 0 0 0 0 0 0 0 0 0 0 0 0 0 0 0 0 0 0 0 0 0 0 0 0 0 0 0 0 0 0 0 0 0 0 0 0 0 0 0 0 0 0 0 0 0 0 0 0 0 0 0 0 0 19 22 65 76 77 91 0 9 11 86 4 28 43 71 73 90 102 1 56 58 69 23 55 79 80 103 34 38 45 54 63 72 83 95 13 21 33 50 64 66 84 101 35 42 62 75 89 94 98 8 26 31 40 60 81 82 6 52 57 61 67 68 78 2 18 25 100 49 74 87 92 97 10 14 46 53 70 85 12 16 30 32 39 47 51 88 93 96 29 36 99]
0	:ok	:read	[0 0 0 0 0 0 0 0 0 0 0 0 0 0 0 0 0 0 0 0 0 0 0 0 0 0 0 0 0 0 0 0 0 0 0 0 0 0 0 0 0 0 0 0 0 0 0 0 0 0 0 0 0 0 0 0 0 0 0 0 0 0 0 0 0 0 0 0 0 0 0 0 0 0 0 0 0 0 0 0 0 0 0 0 0 0 0 0 0 0 0 91 0 10 55 60 77 76 80 81 9 12 40 53 72 84 98 100 67 75 4 19 29 33 62 93 6 21 34 47 74 99 101 13 16 50 63 65 14 31 42 95 96 18 52 61 85 89 92 94 11 26 35 45 90 46 51 57 66 70 103 23 32 58 69 87 78 82 83 22 28 30 39 68 86 102 25 38 49 56 97 79 88 1 8 36 54 64 43 71 73 2]
4	:ok	:read	[0 0 0 0 0 0 0 0 0 0 0 0 0 0 0 0 0 0 0 0 0 0 0 0 0 0 0 0 0 0 0 0 0 0 0 0 0 0 0 0 0 0 0 0 0 0 0 0 0 0 0 0 0 0 0 0 0 0 0 0 0 0 0 0 0 0 0 0 0 0 0 0 0 0 0 0 0 0 0 0 0 0 0 0 0 0 0 0 0 0 0 75 86 26 40 50 52 72 47 68 84 103 73 87 100 19 32 33 38 64 101 83 1 39 42 61 76 46 56 93 98 57 58 29 62 92 14 81 95 80 102 13 30 34 65 74 55 67 79 8 16 21 31 53 82 22 70 78 99 77 90 96 4 28 49 66 71 43 54 88 2 6 9 12 23 97 25 36 63 85 0 35 51 89 94 69 91 10 11 18 45 60]
2	:ok	:read	[0 0 0 0 0 0 0 0 0 0 0 0 0 0 0 0 0 0 0 0 0 0 0 0 0 0 0 0 0 0 0 0 0 0 0 0 0 0 0 0 0 0 0 0 0 0 0 0 0 0 0 0 0 0 0 0 0 0 0 0 0 0 0 0 0 0 0 0 0 0 0 0 0 0 0 0 0 0 0 0 0 0 0 0 0 0 0 0 0 0 0 26 57 63 66 101 103 87 91 102 8 19 29 72 77 98 55 58 2 12 30 38 52 53 70 51 73 88 11 14 16 36 42 69 97 21 56 76 84 93 94 6 10 13 71 74 83 90 4 18 34 43 50 54 9 33 39 82 92 99 75 80 22 28 35 47 60 67 96 85 23 31 32 49 65 78 25 40 46 95 45 61 64 81 0 86 100 1 62 68 79 89]
